0,1,2,3,4,5,6
0.0,0.5882961822495594,0.4099596437383405,0.3591748788901274,0.4100909502069446,0.6928040118743675,0.5777050584792028
0.5882961822495594,0.0,0.46846132931402185,0.575966103828305,0.6631295434044537,0.254548447650279,0.8904058045645535
0.4099596437383405,0.46846132931402185,0.0,0.6805205262556222,0.698386211007304,0.37548026536652457,0.831531366635601
0.3591748788901274,0.575966103828305,0.6805205262556222,0.0,0.7213130609856115,0.31287693291519164,0.4881256095527267
0.4100909502069446,0.6631295434044537,0.698386211007304,0.7213130609856115,0.0,0.28409857102670033,0.3074597028227124
0.6928040118743675,0.254548447650279,0.37548026536652457,0.31287693291519164,0.28409857102670033,0.0,0.7685197958695327
0.5777050584792028,0.8904058045645535,0.831531366635601,0.4881256095527267,0.3074597028227124,0.7685197958695327,0.0
