0,1,2,3,4,5
0.0,0.7427643242976372,0.6516954283864582,0.7151617878134253,0.36093763549094915,0.030561864196098687
0.7427643242976372,0.0,0.5081320635639748,0.5257848011645865,0.5001244351292709,0.5218524747921524
0.6516954283864582,0.5081320635639748,0.0,0.7954388925104523,0.37948843878652394,0.581361716280259
0.7151617878134253,0.5257848011645865,0.7954388925104523,0.0,0.806788465045404,0.6189457355941616
0.36093763549094915,0.5001244351292709,0.37948843878652394,0.806788465045404,0.0,0.11380557325430857
0.030561864196098687,0.5218524747921524,0.581361716280259,0.6189457355941616,0.11380557325430857,0.0
