0,1,2,3,4,5,6,7,8
0.0,0.835685666788431,0.29183904478773043,0.5743531707161221,0.3464114752236368,0.28224959233393637,0.7023863181514447,0.6317635701461675,0.2748876762003298
0.835685666788431,0.0,0.7464831406208171,0.45622572612801465,0.6741481551644168,0.5922325470558327,0.12544682085421544,0.8112295232494542,0.6364954617183813
0.29183904478773043,0.7464831406208171,0.0,0.7353745195179352,0.42516667791844265,0.11908038448002511,0.13828692213106653,0.6503088067724327,0.5614245287597547
0.5743531707161221,0.45622572612801465,0.7353745195179352,0.0,0.7475241496504899,0.28177136291763144,0.7535794505275799,0.6359711040661523,0.479096412871798
0.3464114752236368,0.6741481551644168,0.42516667791844265,0.7475241496504899,0.0,0.8869844384067971,0.3510022489136015,0.38737521064791913,0.4792264870903453
0.28224959233393637,0.5922325470558327,0.11908038448002511,0.28177136291763144,0.8869844384067971,0.0,0.32761628022893213,0.7422932326400318,0.5449315984232674
0.7023863181514447,0.12544682085421544,0.13828692213106653,0.7535794505275799,0.3510022489136015,0.32761628022893213,0.0,0.5658243491019195,0.48688568255000997
0.6317635701461675,0.8112295232494542,0.6503088067724327,0.6359711040661523,0.38737521064791913,0.7422932326400318,0.5658243491019195,0.0,0.6287559740932929
0.2748876762003298,0.6364954617183813,0.5614245287597547,0.479096412871798,0.4792264870903453,0.5449315984232674,0.48688568255000997,0.6287559740932929,0.0
