0,1,2,3,4,5
0.0,0.29541330831110774,0.6844285463729066,0.1988227908746449,0.8075472926880665,0.2057267117488315
0.29541330831110774,0.0,0.6164922460559509,0.16210678581988341,0.5282347086380996,0.295378163406883
0.6844285463729066,0.6164922460559509,0.0,0.7305208755290076,0.6290957320761209,0.4799849399663869
0.1988227908746449,0.16210678581988341,0.7305208755290076,0.0,0.6856864380254792,0.3116814294221257
0.8075472926880665,0.5282347086380996,0.6290957320761209,0.6856864380254792,0.0,0.707788626659123
0.2057267117488315,0.295378163406883,0.4799849399663869,0.3116814294221257,0.707788626659123,0.0
