0,1,2,3,4,5,6,7,8,9,10,11,12,13,14,15,16,17,18,19,20,21,22,23,24,25,26,27,28,29,30,31,32,33,34,35,36,37,38,39,40,41,42,43,44,45,46,47,48,49,50,51,52,53,54,55,56,57,58,59,60,61,62,63,64,65,66,67,68,69,70,71,72,73,74,75,76,77,78,79,80
0.0,0.0,0.0,0.0,0.0,0.0,0.0,0.0,0.0,0.0,0.0,0.0,0.0,0.0,0.0,0.0,0.0,0.0,0.0,0.0,0.0,0.0,0.0,0.0,0.0,0.0,0.0,0.0,0.0,0.0,0.0,0.0,0.0,0.0,0.0,0.0,0.0,0.0,0.0,0.0,0.0,0.0,0.0,0.0,0.0,0.0,0.0,0.0,0.0,0.0,0.0,0.0,0.0,0.0,0.0,0.0,0.0,0.0,0.0,0.0,0.0,0.0,0.0,0.0,0.0,0.0,0.0,0.0,0.0,0.0,0.0,0.0,0.0,0.0,0.0,0.0,0.0,0.0,0.0,0.0,0.0
1.945595145225525,0.0,0.0,0.0,0.0,0.0,0.0,0.0,0.0,0.0,0.0,0.0,0.0,0.0,0.0,0.0,0.0,0.0,0.0,0.0,0.0,0.0,0.0,0.0,0.0,0.0,0.0,0.0,0.0,0.0,0.0,0.0,0.0,0.0,0.0,0.0,0.0,0.0,0.0,0.0,0.0,0.0,0.0,0.0,0.0,0.0,0.0,0.0,0.0,0.0,0.0,0.0,0.0,0.0,0.0,0.0,0.0,0.0,0.0,0.0,0.0,0.0,0.0,0.0,0.0,0.0,0.0,0.0,0.0,0.0,0.0,0.0,0.0,0.0,0.0,0.0,0.0,0.0,0.0,0.0,0.0
1.945595145225525,1.945595145225525,0.0,0.0,0.0,0.0,0.0,0.0,0.0,0.0,0.0,0.0,0.0,0.0,0.0,0.0,0.0,0.0,0.0,0.0,0.0,0.0,0.0,0.0,0.0,0.0,0.0,0.0,0.0,0.0,0.0,0.0,0.0,0.0,0.0,0.0,0.0,0.0,0.0,0.0,0.0,0.0,0.0,0.0,0.0,0.0,0.0,0.0,0.0,0.0,0.0,0.0,0.0,0.0,0.0,0.0,0.0,0.0,0.0,0.0,0.0,0.0,0.0,0.0,0.0,0.0,0.0,0.0,0.0,0.0,0.0,0.0,0.0,0.0,0.0,0.0,0.0,0.0,0.0,0.0,0.0
1.945595145225525,1.945595145225525,1.945595145225525,0.0,0.0,0.0,0.0,0.0,0.0,0.0,0.0,0.0,0.0,0.0,0.0,0.0,0.0,0.0,0.0,0.0,0.0,0.0,0.0,0.0,0.0,0.0,0.0,0.0,0.0,0.0,0.0,0.0,0.0,0.0,0.0,0.0,0.0,0.0,0.0,0.0,0.0,0.0,0.0,0.0,0.0,0.0,0.0,0.0,0.0,0.0,0.0,0.0,0.0,0.0,0.0,0.0,0.0,0.0,0.0,0.0,0.0,0.0,0.0,0.0,0.0,0.0,0.0,0.0,0.0,0.0,0.0,0.0,0.0,0.0,0.0,0.0,0.0,0.0,0.0,0.0,0.0
1.945595145225525,1.945595145225525,1.945595145225525,1.945595145225525,0.0,0.0,0.0,0.0,0.0,0.0,0.0,0.0,0.0,0.0,0.0,0.0,0.0,0.0,0.0,0.0,0.0,0.0,0.0,0.0,0.0,0.0,0.0,0.0,0.0,0.0,0.0,0.0,0.0,0.0,0.0,0.0,0.0,0.0,0.0,0.0,0.0,0.0,0.0,0.0,0.0,0.0,0.0,0.0,0.0,0.0,0.0,0.0,0.0,0.0,0.0,0.0,0.0,0.0,0.0,0.0,0.0,0.0,0.0,0.0,0.0,0.0,0.0,0.0,0.0,0.0,0.0,0.0,0.0,0.0,0.0,0.0,0.0,0.0,0.0,0.0,0.0
1.945595145225525,1.945595145225525,1.945595145225525,1.945595145225525,1.945595145225525,0.0,0.0,0.0,0.0,0.0,0.0,0.0,0.0,0.0,0.0,0.0,0.0,0.0,0.0,0.0,0.0,0.0,0.0,0.0,0.0,0.0,0.0,0.0,0.0,0.0,0.0,0.0,0.0,0.0,0.0,0.0,0.0,0.0,0.0,0.0,0.0,0.0,0.0,0.0,0.0,0.0,0.0,0.0,0.0,0.0,0.0,0.0,0.0,0.0,0.0,0.0,0.0,0.0,0.0,0.0,0.0,0.0,0.0,0.0,0.0,0.0,0.0,0.0,0.0,0.0,0.0,0.0,0.0,0.0,0.0,0.0,0.0,0.0,0.0,0.0,0.0
1.945595145225525,1.945595145225525,1.945595145225525,1.945595145225525,1.945595145225525,1.945595145225525,0.0,0.0,0.0,0.0,0.0,0.0,0.0,0.0,0.0,0.0,0.0,0.0,0.0,0.0,0.0,0.0,0.0,0.0,0.0,0.0,0.0,0.0,0.0,0.0,0.0,0.0,0.0,0.0,0.0,0.0,0.0,0.0,0.0,0.0,0.0,0.0,0.0,0.0,0.0,0.0,0.0,0.0,0.0,0.0,0.0,0.0,0.0,0.0,0.0,0.0,0.0,0.0,0.0,0.0,0.0,0.0,0.0,0.0,0.0,0.0,0.0,0.0,0.0,0.0,0.0,0.0,0.0,0.0,0.0,0.0,0.0,0.0,0.0,0.0,0.0
1.945595145225525,1.945595145225525,1.945595145225525,1.945595145225525,1.945595145225525,1.945595145225525,1.945595145225525,0.0,0.0,0.0,0.0,0.0,0.0,0.0,0.0,0.0,0.0,0.0,0.0,0.0,0.0,0.0,0.0,0.0,0.0,0.0,0.0,0.0,0.0,0.0,0.0,0.0,0.0,0.0,0.0,0.0,0.0,0.0,0.0,0.0,0.0,0.0,0.0,0.0,0.0,0.0,0.0,0.0,0.0,0.0,0.0,0.0,0.0,0.0,0.0,0.0,0.0,0.0,0.0,0.0,0.0,0.0,0.0,0.0,0.0,0.0,0.0,0.0,0.0,0.0,0.0,0.0,0.0,0.0,0.0,0.0,0.0,0.0,0.0,0.0,0.0
1.945595145225525,1.945595145225525,1.945595145225525,1.945595145225525,1.945595145225525,1.945595145225525,1.945595145225525,1.945595145225525,0.0,0.0,0.0,0.0,0.0,0.0,0.0,0.0,0.0,0.0,0.0,0.0,0.0,0.0,0.0,0.0,0.0,0.0,0.0,0.0,0.0,0.0,0.0,0.0,0.0,0.0,0.0,0.0,0.0,0.0,0.0,0.0,0.0,0.0,0.0,0.0,0.0,0.0,0.0,0.0,0.0,0.0,0.0,0.0,0.0,0.0,0.0,0.0,0.0,0.0,0.0,0.0,0.0,0.0,0.0,0.0,0.0,0.0,0.0,0.0,0.0,0.0,0.0,0.0,0.0,0.0,0.0,0.0,0.0,0.0,0.0,0.0,0.0
1.945595145225525,0.0617181658744812,0.0215532835572958,0.04241789132356644,0.02558363974094391,0.020845072343945503,0.05187356472015381,0.04665784165263176,0.020301369950175285,0.0,0.0,0.0,0.0,0.0,0.0,0.0,0.0,0.0,0.0,0.0,0.0,0.0,0.0,0.0,0.0,0.0,0.0,0.0,0.0,0.0,0.0,0.0,0.0,0.0,0.0,0.0,0.0,0.0,0.0,0.0,0.0,0.0,0.0,0.0,0.0,0.0,0.0,0.0,0.0,0.0,0.0,0.0,0.0,0.0,0.0,0.0,0.0,0.0,0.0,0.0,0.0,0.0,0.0,0.0,0.0,0.0,0.0,0.0,0.0,0.0,0.0,0.0,0.0,0.0,0.0,0.0,0.0,0.0,0.0,0.0,0.0
0.0617181658744812,1.945595145225525,0.055130261927843094,0.03369378671050072,0.049788083881139755,0.04373834282159805,0.009264664724469185,0.059911999851465225,0.04700730741024017,1.945595145225525,0.0,0.0,0.0,0.0,0.0,0.0,0.0,0.0,0.0,0.0,0.0,0.0,0.0,0.0,0.0,0.0,0.0,0.0,0.0,0.0,0.0,0.0,0.0,0.0,0.0,0.0,0.0,0.0,0.0,0.0,0.0,0.0,0.0,0.0,0.0,0.0,0.0,0.0,0.0,0.0,0.0,0.0,0.0,0.0,0.0,0.0,0.0,0.0,0.0,0.0,0.0,0.0,0.0,0.0,0.0,0.0,0.0,0.0,0.0,0.0,0.0,0.0,0.0,0.0,0.0,0.0,0.0,0.0,0.0,0.0,0.0
0.0215532835572958,0.055130261927843094,1.945595145225525,0.05430985614657402,0.03139997273683548,0.008794482797384262,0.010212949477136135,0.04802747070789337,0.04146306961774826,1.945595145225525,1.945595145225525,0.0,0.0,0.0,0.0,0.0,0.0,0.0,0.0,0.0,0.0,0.0,0.0,0.0,0.0,0.0,0.0,0.0,0.0,0.0,0.0,0.0,0.0,0.0,0.0,0.0,0.0,0.0,0.0,0.0,0.0,0.0,0.0,0.0,0.0,0.0,0.0,0.0,0.0,0.0,0.0,0.0,0.0,0.0,0.0,0.0,0.0,0.0,0.0,0.0,0.0,0.0,0.0,0.0,0.0,0.0,0.0,0.0,0.0,0.0,0.0,0.0,0.0,0.0,0.0,0.0,0.0,0.0,0.0,0.0,0.0
0.04241789132356644,0.03369378671050072,0.05430985614657402,1.945595145225525,0.05520714446902275,0.020809752866625786,0.05565435066819191,0.04696858301758766,0.03538286313414574,1.945595145225525,1.945595145225525,1.945595145225525,0.0,0.0,0.0,0.0,0.0,0.0,0.0,0.0,0.0,0.0,0.0,0.0,0.0,0.0,0.0,0.0,0.0,0.0,0.0,0.0,0.0,0.0,0.0,0.0,0.0,0.0,0.0,0.0,0.0,0.0,0.0,0.0,0.0,0.0,0.0,0.0,0.0,0.0,0.0,0.0,0.0,0.0,0.0,0.0,0.0,0.0,0.0,0.0,0.0,0.0,0.0,0.0,0.0,0.0,0.0,0.0,0.0,0.0,0.0,0.0,0.0,0.0,0.0,0.0,0.0,0.0,0.0,0.0,0.0
0.02558363974094391,0.049788083881139755,0.03139997273683548,0.05520714446902275,1.945595145225525,0.06550674885511398,0.025922683998942375,0.02860894799232483,0.03539247065782547,1.945595145225525,1.945595145225525,1.945595145225525,1.945595145225525,0.0,0.0,0.0,0.0,0.0,0.0,0.0,0.0,0.0,0.0,0.0,0.0,0.0,0.0,0.0,0.0,0.0,0.0,0.0,0.0,0.0,0.0,0.0,0.0,0.0,0.0,0.0,0.0,0.0,0.0,0.0,0.0,0.0,0.0,0.0,0.0,0.0,0.0,0.0,0.0,0.0,0.0,0.0,0.0,0.0,0.0,0.0,0.0,0.0,0.0,0.0,0.0,0.0,0.0,0.0,0.0,0.0,0.0,0.0,0.0,0.0,0.0,0.0,0.0,0.0,0.0,0.0,0.0
0.020845072343945503,0.04373834282159805,0.008794482797384262,0.020809752866625786,0.06550674885511398,1.945595145225525,0.024195551872253418,0.05482082441449165,0.04024501144886017,1.945595145225525,1.945595145225525,1.945595145225525,1.945595145225525,1.945595145225525,0.0,0.0,0.0,0.0,0.0,0.0,0.0,0.0,0.0,0.0,0.0,0.0,0.0,0.0,0.0,0.0,0.0,0.0,0.0,0.0,0.0,0.0,0.0,0.0,0.0,0.0,0.0,0.0,0.0,0.0,0.0,0.0,0.0,0.0,0.0,0.0,0.0,0.0,0.0,0.0,0.0,0.0,0.0,0.0,0.0,0.0,0.0,0.0,0.0,0.0,0.0,0.0,0.0,0.0,0.0,0.0,0.0,0.0,0.0,0.0,0.0,0.0,0.0,0.0,0.0,0.0,0.0
0.05187356472015381,0.009264664724469185,0.010212949477136135,0.05565435066819191,0.025922683998942375,0.024195551872253418,1.945595145225525,0.0417880117893219,0.035958126187324524,1.945595145225525,1.945595145225525,1.945595145225525,1.945595145225525,1.945595145225525,1.945595145225525,0.0,0.0,0.0,0.0,0.0,0.0,0.0,0.0,0.0,0.0,0.0,0.0,0.0,0.0,0.0,0.0,0.0,0.0,0.0,0.0,0.0,0.0,0.0,0.0,0.0,0.0,0.0,0.0,0.0,0.0,0.0,0.0,0.0,0.0,0.0,0.0,0.0,0.0,0.0,0.0,0.0,0.0,0.0,0.0,0.0,0.0,0.0,0.0,0.0,0.0,0.0,0.0,0.0,0.0,0.0,0.0,0.0,0.0,0.0,0.0,0.0,0.0,0.0,0.0,0.0,0.0
0.04665784165263176,0.059911999851465225,0.04802747070789337,0.04696858301758766,0.02860894799232483,0.05482082441449165,0.0417880117893219,1.945595145225525,0.04643572121858597,1.945595145225525,1.945595145225525,1.945595145225525,1.945595145225525,1.945595145225525,1.945595145225525,1.945595145225525,0.0,0.0,0.0,0.0,0.0,0.0,0.0,0.0,0.0,0.0,0.0,0.0,0.0,0.0,0.0,0.0,0.0,0.0,0.0,0.0,0.0,0.0,0.0,0.0,0.0,0.0,0.0,0.0,0.0,0.0,0.0,0.0,0.0,0.0,0.0,0.0,0.0,0.0,0.0,0.0,0.0,0.0,0.0,0.0,0.0,0.0,0.0,0.0,0.0,0.0,0.0,0.0,0.0,0.0,0.0,0.0,0.0,0.0,0.0,0.0,0.0,0.0,0.0,0.0,0.0
0.020301369950175285,0.04700730741024017,0.04146306961774826,0.03538286313414574,0.03539247065782547,0.04024501144886017,0.035958126187324524,0.04643572121858597,1.945595145225525,1.945595145225525,1.945595145225525,1.945595145225525,1.945595145225525,1.945595145225525,1.945595145225525,1.945595145225525,1.945595145225525,0.0,0.0,0.0,0.0,0.0,0.0,0.0,0.0,0.0,0.0,0.0,0.0,0.0,0.0,0.0,0.0,0.0,0.0,0.0,0.0,0.0,0.0,0.0,0.0,0.0,0.0,0.0,0.0,0.0,0.0,0.0,0.0,0.0,0.0,0.0,0.0,0.0,0.0,0.0,0.0,0.0,0.0,0.0,0.0,0.0,0.0,0.0,0.0,0.0,0.0,0.0,0.0,0.0,0.0,0.0,0.0,0.0,0.0,0.0,0.0,0.0,0.0,0.0,0.0
1.945595145225525,0.1429917812347412,0.04993574321269989,0.09827592968940735,0.05927347391843796,0.04829492047429085,0.1201833114027977,0.10809925198554993,0.04703524336218834,1.945595145225525,0.1287984400987625,0.04497912526130676,0.0885210707783699,0.05338999629020691,0.043501172214746475,0.10825392603874207,0.09736933559179306,0.04236653074622154,0.0,0.0,0.0,0.0,0.0,0.0,0.0,0.0,0.0,0.0,0.0,0.0,0.0,0.0,0.0,0.0,0.0,0.0,0.0,0.0,0.0,0.0,0.0,0.0,0.0,0.0,0.0,0.0,0.0,0.0,0.0,0.0,0.0,0.0,0.0,0.0,0.0,0.0,0.0,0.0,0.0,0.0,0.0,0.0,0.0,0.0,0.0,0.0,0.0,0.0,0.0,0.0,0.0,0.0,0.0,0.0,0.0,0.0,0.0,0.0,0.0,0.0,0.0
0.1429917812347412,1.945595145225525,0.12772859632968903,0.0780634805560112,0.11535155773162842,0.10133521258831024,0.021464847028255463,0.13880716264247894,0.10890891402959824,0.1287984400987625,1.945595145225525,0.11505026370286942,0.0703149065375328,0.10390178114175797,0.09127669036388397,0.019334247335791588,0.12502917647361755,0.09809862822294235,1.945595145225525,0.0,0.0,0.0,0.0,0.0,0.0,0.0,0.0,0.0,0.0,0.0,0.0,0.0,0.0,0.0,0.0,0.0,0.0,0.0,0.0,0.0,0.0,0.0,0.0,0.0,0.0,0.0,0.0,0.0,0.0,0.0,0.0,0.0,0.0,0.0,0.0,0.0,0.0,0.0,0.0,0.0,0.0,0.0,0.0,0.0,0.0,0.0,0.0,0.0,0.0,0.0,0.0,0.0,0.0,0.0,0.0,0.0,0.0,0.0,0.0,0.0,0.0
0.04993574321269989,0.12772859632968903,1.945595145225525,0.1258278340101242,0.0727490559220314,0.020375503227114677,0.02366187982261181,0.11127247661352158,0.09606374055147171,0.04497912526130676,0.11505026370286942,1.945595145225525,0.1133381724357605,0.06552799046039581,0.018353033810853958,0.021313203498721123,0.10022758692502975,0.0865284651517868,1.945595145225525,1.945595145225525,0.0,0.0,0.0,0.0,0.0,0.0,0.0,0.0,0.0,0.0,0.0,0.0,0.0,0.0,0.0,0.0,0.0,0.0,0.0,0.0,0.0,0.0,0.0,0.0,0.0,0.0,0.0,0.0,0.0,0.0,0.0,0.0,0.0,0.0,0.0,0.0,0.0,0.0,0.0,0.0,0.0,0.0,0.0,0.0,0.0,0.0,0.0,0.0,0.0,0.0,0.0,0.0,0.0,0.0,0.0,0.0,0.0,0.0,0.0,0.0,0.0
0.09827592968940735,0.0780634805560112,0.1258278340101242,1.945595145225525,0.1279067099094391,0.04821309074759483,0.1289428174495697,0.10881919413805008,0.08197681605815887,0.0885210707783699,0.0703149065375328,0.1133381724357605,1.945595145225525,0.11521071195602417,0.04342746362090111,0.11614397168159485,0.09801781177520752,0.07383980602025986,1.945595145225525,1.945595145225525,1.945595145225525,0.0,0.0,0.0,0.0,0.0,0.0,0.0,0.0,0.0,0.0,0.0,0.0,0.0,0.0,0.0,0.0,0.0,0.0,0.0,0.0,0.0,0.0,0.0,0.0,0.0,0.0,0.0,0.0,0.0,0.0,0.0,0.0,0.0,0.0,0.0,0.0,0.0,0.0,0.0,0.0,0.0,0.0,0.0,0.0,0.0,0.0,0.0,0.0,0.0,0.0,0.0,0.0,0.0,0.0,0.0,0.0,0.0,0.0,0.0,0.0
0.05927347391843796,0.11535155773162842,0.0727490559220314,0.1279067099094391,1.945595145225525,0.15176936984062195,0.06005898863077164,0.06628265976905823,0.08199907094240189,0.05338999629020691,0.10390178114175797,0.06552799046039581,0.11521071195602417,1.945595145225525,0.13670475780963898,0.05409754067659378,0.05970345437526703,0.07385985553264618,1.945595145225525,1.945595145225525,1.945595145225525,1.945595145225525,0.0,0.0,0.0,0.0,0.0,0.0,0.0,0.0,0.0,0.0,0.0,0.0,0.0,0.0,0.0,0.0,0.0,0.0,0.0,0.0,0.0,0.0,0.0,0.0,0.0,0.0,0.0,0.0,0.0,0.0,0.0,0.0,0.0,0.0,0.0,0.0,0.0,0.0,0.0,0.0,0.0,0.0,0.0,0.0,0.0,0.0,0.0,0.0,0.0,0.0,0.0,0.0,0.0,0.0,0.0,0.0,0.0,0.0,0.0
0.04829492047429085,0.10133521258831024,0.020375503227114677,0.04821309074759483,0.15176936984062195,1.945595145225525,0.056057482957839966,0.12701167166233063,0.09324168413877487,0.043501172214746475,0.09127669036388397,0.018353033810853958,0.04342746362090111,0.13670475780963898,1.945595145225525,0.05049322545528412,0.11440450698137283,0.08398652821779251,1.945595145225525,1.945595145225525,1.945595145225525,1.945595145225525,1.945595145225525,0.0,0.0,0.0,0.0,0.0,0.0,0.0,0.0,0.0,0.0,0.0,0.0,0.0,0.0,0.0,0.0,0.0,0.0,0.0,0.0,0.0,0.0,0.0,0.0,0.0,0.0,0.0,0.0,0.0,0.0,0.0,0.0,0.0,0.0,0.0,0.0,0.0,0.0,0.0,0.0,0.0,0.0,0.0,0.0,0.0,0.0,0.0,0.0,0.0,0.0,0.0,0.0,0.0,0.0,0.0,0.0,0.0,0.0
0.1201833114027977,0.021464847028255463,0.02366187982261181,0.1289428174495697,0.06005898863077164,0.056057482957839966,1.945595145225525,0.09681658446788788,0.0833096131682396,0.10825392603874207,0.019334247335791588,0.021313203498721123,0.11614397168159485,0.05409754067659378,0.05049322545528412,1.945595145225525,0.08720657974481583,0.0750403106212616,1.945595145225525,1.945595145225525,1.945595145225525,1.945595145225525,1.945595145225525,1.945595145225525,0.0,0.0,0.0,0.0,0.0,0.0,0.0,0.0,0.0,0.0,0.0,0.0,0.0,0.0,0.0,0.0,0.0,0.0,0.0,0.0,0.0,0.0,0.0,0.0,0.0,0.0,0.0,0.0,0.0,0.0,0.0,0.0,0.0,0.0,0.0,0.0,0.0,0.0,0.0,0.0,0.0,0.0,0.0,0.0,0.0,0.0,0.0,0.0,0.0,0.0,0.0,0.0,0.0,0.0,0.0,0.0,0.0
0.10809925198554993,0.13880716264247894,0.11127247661352158,0.10881919413805008,0.06628265976905823,0.12701167166233063,0.09681658446788788,1.945595145225525,0.1075846329331398,0.09736933559179306,0.12502917647361755,0.10022758692502975,0.09801781177520752,0.05970345437526703,0.11440450698137283,0.08720657974481583,1.945595145225525,0.09690579771995544,1.945595145225525,1.945595145225525,1.945595145225525,1.945595145225525,1.945595145225525,1.945595145225525,1.945595145225525,0.0,0.0,0.0,0.0,0.0,0.0,0.0,0.0,0.0,0.0,0.0,0.0,0.0,0.0,0.0,0.0,0.0,0.0,0.0,0.0,0.0,0.0,0.0,0.0,0.0,0.0,0.0,0.0,0.0,0.0,0.0,0.0,0.0,0.0,0.0,0.0,0.0,0.0,0.0,0.0,0.0,0.0,0.0,0.0,0.0,0.0,0.0,0.0,0.0,0.0,0.0,0.0,0.0,0.0,0.0,0.0
0.04703524336218834,0.10890891402959824,0.09606374055147171,0.08197681605815887,0.08199907094240189,0.09324168413877487,0.0833096131682396,0.1075846329331398,1.945595145225525,0.04236653074622154,0.09809862822294235,0.0865284651517868,0.07383980602025986,0.07385985553264618,0.08398652821779251,0.0750403106212616,0.09690579771995544,1.945595145225525,1.945595145225525,1.945595145225525,1.945595145225525,1.945595145225525,1.945595145225525,1.945595145225525,1.945595145225525,1.945595145225525,0.0,0.0,0.0,0.0,0.0,0.0,0.0,0.0,0.0,0.0,0.0,0.0,0.0,0.0,0.0,0.0,0.0,0.0,0.0,0.0,0.0,0.0,0.0,0.0,0.0,0.0,0.0,0.0,0.0,0.0,0.0,0.0,0.0,0.0,0.0,0.0,0.0,0.0,0.0,0.0,0.0,0.0,0.0,0.0,0.0,0.0,0.0,0.0,0.0,0.0,0.0,0.0,0.0,0.0,0.0
1.945595145225525,0.041538339108228683,0.014506063424050808,0.028548624366521835,0.01721862331032753,0.014029412530362606,0.0349126011133194,0.03140224888920784,0.013663483783602715,1.945595145225525,0.03386757895350456,0.011827272363007069,0.023276636376976967,0.014038912951946259,0.0114386435598135,0.028465397655963898,0.025603290647268295,0.011140289716422558,1.945595145225525,0.15262146294116974,0.05329862982034683,0.1048942431807518,0.06326520442962646,0.051547303795814514,0.1282769739627838,0.11537911742925644,0.05020279809832573,0.0,0.0,0.0,0.0,0.0,0.0,0.0,0.0,0.0,0.0,0.0,0.0,0.0,0.0,0.0,0.0,0.0,0.0,0.0,0.0,0.0,0.0,0.0,0.0,0.0,0.0,0.0,0.0,0.0,0.0,0.0,0.0,0.0,0.0,0.0,0.0,0.0,0.0,0.0,0.0,0.0,0.0,0.0,0.0,0.0,0.0,0.0,0.0,0.0,0.0,0.0,0.0,0.0,0.0
0.041538339108228683,1.945595145225525,0.03710446506738663,0.022677017375826836,0.03350900486111641,0.02943733148276806,0.006235421635210514,0.04032272845506668,0.03163745254278183,0.03386757895350456,1.945595145225525,0.030252495780587196,0.018489321693778038,0.027320997789502144,0.02400122955441475,0.0050839451141655445,0.032876454293727875,0.02579505927860737,0.15262146294116974,1.945595145225525,0.13633038103580475,0.08332060277462006,0.12311982363462448,0.10815955698490143,0.022910380735993385,0.14815501868724823,0.11624330282211304,1.945595145225525,0.0,0.0,0.0,0.0,0.0,0.0,0.0,0.0,0.0,0.0,0.0,0.0,0.0,0.0,0.0,0.0,0.0,0.0,0.0,0.0,0.0,0.0,0.0,0.0,0.0,0.0,0.0,0.0,0.0,0.0,0.0,0.0,0.0,0.0,0.0,0.0,0.0,0.0,0.0,0.0,0.0,0.0,0.0,0.0,0.0,0.0,0.0,0.0,0.0,0.0,0.0,0.0,0.0
0.014506063424050808,0.03710446506738663,1.945595145225525,0.0365523025393486,0.02113320678472519,0.005918973591178656,0.006873648148030043,0.03232405334711075,0.02790599875152111,0.011827272363007069,0.030252495780587196,1.945595145225525,0.02980230003595352,0.017230600118637085,0.0048259347677230835,0.005604312289506197,0.026354867964982986,0.022752681747078896,0.05329862982034683,0.13633038103580475,1.945595145225525,0.13430160284042358,0.07764828205108643,0.02174767665565014,0.025255370885133743,0.11876603960990906,0.10253308713436127,1.945595145225525,1.945595145225525,0.0,0.0,0.0,0.0,0.0,0.0,0.0,0.0,0.0,0.0,0.0,0.0,0.0,0.0,0.0,0.0,0.0,0.0,0.0,0.0,0.0,0.0,0.0,0.0,0.0,0.0,0.0,0.0,0.0,0.0,0.0,0.0,0.0,0.0,0.0,0.0,0.0,0.0,0.0,0.0,0.0,0.0,0.0,0.0,0.0,0.0,0.0,0.0,0.0,0.0,0.0,0.0
0.028548624366521835,0.022677017375826836,0.0365523025393486,1.945595145225525,0.03715620934963226,0.014005642384290695,0.037457194179296494,0.03161138668656349,0.023813821375370026,0.023276636376976967,0.018489321693778038,0.02980230003595352,1.945595145225525,0.030294684693217278,0.011419262737035751,0.030540086328983307,0.025773808360099792,0.019416194409132004,0.1048942431807518,0.08332060277462006,0.13430160284042358,1.945595145225525,0.13652050495147705,0.051459964364767075,0.13762637972831726,0.11614754050970078,0.08749748021364212,1.945595145225525,1.945595145225525,1.945595145225525,0.0,0.0,0.0,0.0,0.0,0.0,0.0,0.0,0.0,0.0,0.0,0.0,0.0,0.0,0.0,0.0,0.0,0.0,0.0,0.0,0.0,0.0,0.0,0.0,0.0,0.0,0.0,0.0,0.0,0.0,0.0,0.0,0.0,0.0,0.0,0.0,0.0,0.0,0.0,0.0,0.0,0.0,0.0,0.0,0.0,0.0,0.0,0.0,0.0,0.0,0.0
0.01721862331032753,0.03350900486111641,0.02113320678472519,0.03715620934963226,1.945595145225525,0.04408818110823631,0.017446812242269516,0.01925475522875786,0.023820286616683006,0.014038912951946259,0.027320997789502144,0.017230600118637085,0.030294684693217278,1.945595145225525,0.035946547985076904,0.014224961400032043,0.01569903828203678,0.019421465694904327,0.06326520442962646,0.12311982363462448,0.07764828205108643,0.13652050495147705,1.945595145225525,0.16199016571044922,0.0641036182641983,0.07074642181396484,0.08752124011516571,1.945595145225525,1.945595145225525,1.945595145225525,1.945595145225525,0.0,0.0,0.0,0.0,0.0,0.0,0.0,0.0,0.0,0.0,0.0,0.0,0.0,0.0,0.0,0.0,0.0,0.0,0.0,0.0,0.0,0.0,0.0,0.0,0.0,0.0,0.0,0.0,0.0,0.0,0.0,0.0,0.0,0.0,0.0,0.0,0.0,0.0,0.0,0.0,0.0,0.0,0.0,0.0,0.0,0.0,0.0,0.0,0.0,0.0
0.014029412530362606,0.02943733148276806,0.005918973591178656,0.014005642384290695,0.04408818110823631,1.945595145225525,0.01628439500927925,0.036896202713251114,0.027086205780506134,0.0114386435598135,0.02400122955441475,0.0048259347677230835,0.011419262737035751,0.035946547985076904,1.945595145225525,0.013277205638587475,0.030082693323493004,0.022084277123212814,0.051547303795814514,0.10815955698490143,0.02174767665565014,0.051459964364767075,0.16199016571044922,1.945595145225525,0.059832632541656494,0.13556517660617828,0.0995209738612175,1.945595145225525,1.945595145225525,1.945595145225525,1.945595145225525,1.945595145225525,0.0,0.0,0.0,0.0,0.0,0.0,0.0,0.0,0.0,0.0,0.0,0.0,0.0,0.0,0.0,0.0,0.0,0.0,0.0,0.0,0.0,0.0,0.0,0.0,0.0,0.0,0.0,0.0,0.0,0.0,0.0,0.0,0.0,0.0,0.0,0.0,0.0,0.0,0.0,0.0,0.0,0.0,0.0,0.0,0.0,0.0,0.0,0.0,0.0
0.0349126011133194,0.006235421635210514,0.006873648148030043,0.037457194179296494,0.017446812242269516,0.01628439500927925,1.945595145225525,0.028124693781137466,0.02420099265873432,0.028465397655963898,0.0050839451141655445,0.005604312289506197,0.030540086328983307,0.014224961400032043,0.013277205638587475,1.945595145225525,0.022930990904569626,0.01973186805844307,0.1282769739627838,0.022910380735993385,0.025255370885133743,0.13762637972831726,0.0641036182641983,0.059832632541656494,1.945595145225525,0.1033366248011589,0.08892004191875458,1.945595145225525,1.945595145225525,1.945595145225525,1.945595145225525,1.945595145225525,1.945595145225525,0.0,0.0,0.0,0.0,0.0,0.0,0.0,0.0,0.0,0.0,0.0,0.0,0.0,0.0,0.0,0.0,0.0,0.0,0.0,0.0,0.0,0.0,0.0,0.0,0.0,0.0,0.0,0.0,0.0,0.0,0.0,0.0,0.0,0.0,0.0,0.0,0.0,0.0,0.0,0.0,0.0,0.0,0.0,0.0,0.0,0.0,0.0,0.0
0.03140224888920784,0.04032272845506668,0.03232405334711075,0.03161138668656349,0.01925475522875786,0.036896202713251114,0.028124693781137466,1.945595145225525,0.03125275298953056,0.025603290647268295,0.032876454293727875,0.026354867964982986,0.025773808360099792,0.01569903828203678,0.030082693323493004,0.022930990904569626,1.945595145225525,0.02548140287399292,0.11537911742925644,0.14815501868724823,0.11876603960990906,0.11614754050970078,0.07074642181396484,0.13556517660617828,0.1033366248011589,1.945595145225525,0.11482983827590942,1.945595145225525,1.945595145225525,1.945595145225525,1.945595145225525,1.945595145225525,1.945595145225525,1.945595145225525,0.0,0.0,0.0,0.0,0.0,0.0,0.0,0.0,0.0,0.0,0.0,0.0,0.0,0.0,0.0,0.0,0.0,0.0,0.0,0.0,0.0,0.0,0.0,0.0,0.0,0.0,0.0,0.0,0.0,0.0,0.0,0.0,0.0,0.0,0.0,0.0,0.0,0.0,0.0,0.0,0.0,0.0,0.0,0.0,0.0,0.0,0.0
0.013663483783602715,0.03163745254278183,0.02790599875152111,0.023813821375370026,0.023820286616683006,0.027086205780506134,0.02420099265873432,0.03125275298953056,1.945595145225525,0.011140289716422558,0.02579505927860737,0.022752681747078896,0.019416194409132004,0.019421465694904327,0.022084277123212814,0.01973186805844307,0.02548140287399292,1.945595145225525,0.05020279809832573,0.11624330282211304,0.10253308713436127,0.08749748021364212,0.08752124011516571,0.0995209738612175,0.08892004191875458,0.11482983827590942,1.945595145225525,1.945595145225525,1.945595145225525,1.945595145225525,1.945595145225525,1.945595145225525,1.945595145225525,1.945595145225525,1.945595145225525,0.0,0.0,0.0,0.0,0.0,0.0,0.0,0.0,0.0,0.0,0.0,0.0,0.0,0.0,0.0,0.0,0.0,0.0,0.0,0.0,0.0,0.0,0.0,0.0,0.0,0.0,0.0,0.0,0.0,0.0,0.0,0.0,0.0,0.0,0.0,0.0,0.0,0.0,0.0,0.0,0.0,0.0,0.0,0.0,0.0,0.0
1.945595145225525,0.16871392726898193,0.058918457478284836,0.11595433950424194,0.06993591040372849,0.05698247253894806,0.14180254936218262,0.12754474580287933,0.055496200919151306,1.945595145225525,0.1103595420718193,0.03853987902402878,0.07584831863641739,0.045746639370918274,0.037273507565259933,0.09275620430707932,0.08342985808849335,0.036301303654909134,1.945595145225525,0.13143156468868256,0.0458986759185791,0.09033077955245972,0.054481495171785355,0.04439050331711769,0.11046706140041351,0.09935994446277618,0.043232664465904236,1.945595145225525,0.1432545781135559,0.0500275194644928,0.09845654666423798,0.05938241258263588,0.048383679240942,0.1204041913151741,0.1082979291677475,0.04712168872356415,0.0,0.0,0.0,0.0,0.0,0.0,0.0,0.0,0.0,0.0,0.0,0.0,0.0,0.0,0.0,0.0,0.0,0.0,0.0,0.0,0.0,0.0,0.0,0.0,0.0,0.0,0.0,0.0,0.0,0.0,0.0,0.0,0.0,0.0,0.0,0.0,0.0,0.0,0.0,0.0,0.0,0.0,0.0,0.0,0.0
0.16871392726898193,1.945595145225525,0.15070511400699615,0.09210596233606339,0.136101633310318,0.11956394463777542,0.025326060131192207,0.16377654671669006,0.1285000443458557,0.1103595420718193,1.945595145225525,0.09857957810163498,0.060248564928770065,0.08902711421251297,0.07820944488048553,0.016566341742873192,0.10712989419698715,0.08405474573373795,0.13143156468868256,1.945595145225525,0.1174023374915123,0.07175241410732269,0.10602593421936035,0.09314274042844772,0.01972951553761959,0.1275852620601654,0.10010414570569992,0.1432545781135559,1.945595145225525,0.1279633343219757,0.07820694893598557,0.11556356400251389,0.10152145475149155,0.021504295989871025,0.13906227052211761,0.1091090738773346,1.945595145225525,0.0,0.0,0.0,0.0,0.0,0.0,0.0,0.0,0.0,0.0,0.0,0.0,0.0,0.0,0.0,0.0,0.0,0.0,0.0,0.0,0.0,0.0,0.0,0.0,0.0,0.0,0.0,0.0,0.0,0.0,0.0,0.0,0.0,0.0,0.0,0.0,0.0,0.0,0.0,0.0,0.0,0.0,0.0,0.0
0.058918457478284836,0.15070511400699615,1.945595145225525,0.1484624296426773,0.0858355462551117,0.024040760472416878,0.02791830711066723,0.1312887817621231,0.1133442148566246,0.03853987902402878,0.09857957810163498,1.945595145225525,0.09711258858442307,0.05614694952964783,0.015725597739219666,0.01826198771595955,0.08587892353534698,0.07414098083972931,0.0458986759185791,0.1174023374915123,1.945595145225525,0.11565524339675903,0.0668676346540451,0.018728241324424744,0.021748928353190422,0.10227662324905396,0.08829744160175323,0.0500275194644928,0.1279633343219757,1.945595145225525,0.12605908513069153,0.0728827565908432,0.020412951707839966,0.023705366998910904,0.11147698014974594,0.09624029695987701,1.945595145225525,1.945595145225525,0.0,0.0,0.0,0.0,0.0,0.0,0.0,0.0,0.0,0.0,0.0,0.0,0.0,0.0,0.0,0.0,0.0,0.0,0.0,0.0,0.0,0.0,0.0,0.0,0.0,0.0,0.0,0.0,0.0,0.0,0.0,0.0,0.0,0.0,0.0,0.0,0.0,0.0,0.0,0.0,0.0,0.0,0.0
0.11595433950424194,0.09210596233606339,0.1484624296426773,1.945595145225525,0.15091527998447418,0.05688592419028282,0.15213775634765625,0.12839418649673462,0.09672325104475021,0.07584831863641739,0.060248564928770065,0.09711258858442307,1.945595145225525,0.09871704876422882,0.03721035271883011,0.09951670467853546,0.08398550003767014,0.06326884031295776,0.09033077955245972,0.07175241410732269,0.11565524339675903,1.945595145225525,0.1175660640001297,0.044315289705991745,0.1185184046626091,0.10002167522907257,0.07534937560558319,0.09845654666423798,0.07820694893598557,0.12605908513069153,1.945595145225525,0.12814179062843323,0.04830170050263405,0.12917980551719666,0.1090191900730133,0.08212748169898987,1.945595145225525,1.945595145225525,1.945595145225525,0.0,0.0,0.0,0.0,0.0,0.0,0.0,0.0,0.0,0.0,0.0,0.0,0.0,0.0,0.0,0.0,0.0,0.0,0.0,0.0,0.0,0.0,0.0,0.0,0.0,0.0,0.0,0.0,0.0,0.0,0.0,0.0,0.0,0.0,0.0,0.0,0.0,0.0,0.0,0.0,0.0,0.0
0.06993591040372849,0.136101633310318,0.0858355462551117,0.15091527998447418,1.945595145225525,0.17907047271728516,0.07086272537708282,0.07820595055818558,0.09674951434135437,0.045746639370918274,0.08902711421251297,0.05614694952964783,0.09871704876422882,1.945595145225525,0.1171339899301529,0.046352893114089966,0.05115625634789467,0.06328601390123367,0.054481495171785355,0.10602593421936035,0.0668676346540451,0.1175660640001297,1.945595145225525,0.13949953019618988,0.055203504860401154,0.060924023389816284,0.07536983489990234,0.05938241258263588,0.11556356400251389,0.0728827565908432,0.12814179062843323,1.945595145225525,0.15204830467700958,0.060169368982315063,0.06640448421239853,0.08214977383613586,1.945595145225525,1.945595145225525,1.945595145225525,1.945595145225525,0.0,0.0,0.0,0.0,0.0,0.0,0.0,0.0,0.0,0.0,0.0,0.0,0.0,0.0,0.0,0.0,0.0,0.0,0.0,0.0,0.0,0.0,0.0,0.0,0.0,0.0,0.0,0.0,0.0,0.0,0.0,0.0,0.0,0.0,0.0,0.0,0.0,0.0,0.0,0.0,0.0
0.05698247253894806,0.11956394463777542,0.024040760472416878,0.05688592419028282,0.17907047271728516,1.945595145225525,0.06614141166210175,0.149859219789505,0.11001450568437576,0.037273507565259933,0.07820944488048553,0.015725597739219666,0.03721035271883011,0.1171339899301529,1.945595145225525,0.04326457157731056,0.09802626073360443,0.07196294516324997,0.04439050331711769,0.09314274042844772,0.018728241324424744,0.044315289705991745,0.13949953019618988,1.945595145225525,0.05152549967169762,0.11674337834119797,0.0857035368680954,0.048383679240942,0.10152145475149155,0.020412951707839966,0.04830170050263405,0.15204830467700958,1.945595145225525,0.05616050958633423,0.12724509835243225,0.09341305494308472,1.945595145225525,1.945595145225525,1.945595145225525,1.945595145225525,1.945595145225525,0.0,0.0,0.0,0.0,0.0,0.0,0.0,0.0,0.0,0.0,0.0,0.0,0.0,0.0,0.0,0.0,0.0,0.0,0.0,0.0,0.0,0.0,0.0,0.0,0.0,0.0,0.0,0.0,0.0,0.0,0.0,0.0,0.0,0.0,0.0,0.0,0.0,0.0,0.0,0.0
0.14180254936218262,0.025326060131192207,0.02791830711066723,0.15213775634765625,0.07086272537708282,0.06614141166210175,1.945595145225525,0.11423248052597046,0.09829580038785934,0.09275620430707932,0.016566341742873192,0.01826198771595955,0.09951670467853546,0.046352893114089966,0.04326457157731056,1.945595145225525,0.07472201436758041,0.06429748237133026,0.11046706140041351,0.01972951553761959,0.021748928353190422,0.1185184046626091,0.055203504860401154,0.05152549967169762,1.945595145225525,0.08898942172527313,0.0765744298696518,0.1204041913151741,0.021504295989871025,0.023705366998910904,0.12917980551719666,0.060169368982315063,0.05616050958633423,1.945595145225525,0.09699451923370361,0.08346273005008698,1.945595145225525,1.945595145225525,1.945595145225525,1.945595145225525,1.945595145225525,1.945595145225525,0.0,0.0,0.0,0.0,0.0,0.0,0.0,0.0,0.0,0.0,0.0,0.0,0.0,0.0,0.0,0.0,0.0,0.0,0.0,0.0,0.0,0.0,0.0,0.0,0.0,0.0,0.0,0.0,0.0,0.0,0.0,0.0,0.0,0.0,0.0,0.0,0.0,0.0,0.0
0.12754474580287933,0.16377654671669006,0.1312887817621231,0.12839418649673462,0.07820595055818558,0.149859219789505,0.11423248052597046,1.945595145225525,0.12693755328655243,0.08342985808849335,0.10712989419698715,0.08587892353534698,0.08398550003767014,0.05115625634789467,0.09802626073360443,0.07472201436758041,1.945595145225525,0.08303268253803253,0.09935994446277618,0.1275852620601654,0.10227662324905396,0.10002167522907257,0.060924023389816284,0.11674337834119797,0.08898942172527313,1.945595145225525,0.09888692200183868,0.1082979291677475,0.13906227052211761,0.11147698014974594,0.1090191900730133,0.06640448421239853,0.12724509835243225,0.09699451923370361,1.945595145225525,0.10778236389160156,1.945595145225525,1.945595145225525,1.945595145225525,1.945595145225525,1.945595145225525,1.945595145225525,1.945595145225525,0.0,0.0,0.0,0.0,0.0,0.0,0.0,0.0,0.0,0.0,0.0,0.0,0.0,0.0,0.0,0.0,0.0,0.0,0.0,0.0,0.0,0.0,0.0,0.0,0.0,0.0,0.0,0.0,0.0,0.0,0.0,0.0,0.0,0.0,0.0,0.0,0.0,0.0
0.055496200919151306,0.1285000443458557,0.1133442148566246,0.09672325104475021,0.09674951434135437,0.11001450568437576,0.09829580038785934,0.12693755328655243,1.945595145225525,0.036301303654909134,0.08405474573373795,0.07414098083972931,0.06326884031295776,0.06328601390123367,0.07196294516324997,0.06429748237133026,0.08303268253803253,1.945595145225525,0.043232664465904236,0.10010414570569992,0.08829744160175323,0.07534937560558319,0.07536983489990234,0.0857035368680954,0.0765744298696518,0.09888692200183868,1.945595145225525,0.04712168872356415,0.1091090738773346,0.09624029695987701,0.08212748169898987,0.08214977383613586,0.09341305494308472,0.08346273005008698,0.10778236389160156,1.945595145225525,1.945595145225525,1.945595145225525,1.945595145225525,1.945595145225525,1.945595145225525,1.945595145225525,1.945595145225525,1.945595145225525,0.0,0.0,0.0,0.0,0.0,0.0,0.0,0.0,0.0,0.0,0.0,0.0,0.0,0.0,0.0,0.0,0.0,0.0,0.0,0.0,0.0,0.0,0.0,0.0,0.0,0.0,0.0,0.0,0.0,0.0,0.0,0.0,0.0,0.0,0.0,0.0,0.0
1.945595145225525,0.04298071563243866,0.015009772032499313,0.02953994646668434,0.01781652309000492,0.014516569674015045,0.036124907433986664,0.032492659986019135,0.014137934893369675,1.945595145225525,0.06171082332730293,0.021550720557570457,0.04241284728050232,0.025580596178770065,0.020842591300606728,0.051867395639419556,0.04665229097008705,0.020298954099416733,1.945595145225525,0.10027913004159927,0.035019587725400925,0.06892021745443344,0.041568074375391006,0.03386889025568962,0.08428371697664261,0.07580924779176712,0.03298548609018326,1.945595145225525,0.06511692702770233,0.022740202024579048,0.04475380480289459,0.02699250541627407,0.021992988884449005,0.054730191826820374,0.049227241426706314,0.02141934633255005,1.945595145225525,0.1478722095489502,0.051640089601278305,0.10163015872240067,0.061296526342630386,0.049943264573812485,0.1242852583527565,0.11178876459598541,0.04864059388637543,0.0,0.0,0.0,0.0,0.0,0.0,0.0,0.0,0.0,0.0,0.0,0.0,0.0,0.0,0.0,0.0,0.0,0.0,0.0,0.0,0.0,0.0,0.0,0.0,0.0,0.0,0.0,0.0,0.0,0.0,0.0,0.0,0.0,0.0,0.0,0.0
0.04298071563243866,1.945595145225525,0.03839287906885147,0.02346445433795452,0.0346725694835186,0.030459513887763023,0.006451940629631281,0.041722893714904785,0.03273602947592735,0.06171082332730293,1.945595145225525,0.0551237054169178,0.03368977829813957,0.0497821606695652,0.0437331423163414,0.009263562969863415,0.05990487337112427,0.04700171574950218,0.10027913004159927,1.945595145225525,0.08957516402006149,0.05474536865949631,0.08089523762464523,0.07106567919254303,0.01505314651876688,0.09734448790550232,0.07637705653905869,0.06511692702770233,1.945595145225525,0.05816623196005821,0.03554927185177803,0.05252986401319504,0.04614697024226189,0.009774860925972462,0.06321129202842712,0.04959595203399658,0.1478722095489502,1.945595145225525,0.1320880651473999,0.08072784543037415,0.1192886009812355,0.10479386895895004,0.022197458893060684,0.1435447633266449,0.11262606084346771,1.945595145225525,0.0,0.0,0.0,0.0,0.0,0.0,0.0,0.0,0.0,0.0,0.0,0.0,0.0,0.0,0.0,0.0,0.0,0.0,0.0,0.0,0.0,0.0,0.0,0.0,0.0,0.0,0.0,0.0,0.0,0.0,0.0,0.0,0.0,0.0,0.0
0.015009772032499313,0.03839287906885147,1.945595145225525,0.03782154619693756,0.02186703495681286,0.006124503910541534,0.007112328428775072,0.03344647213816643,0.02887500636279583,0.021550720557570457,0.0551237054169178,1.945595145225525,0.05430339276790619,0.03139623627066612,0.008793435990810394,0.010211734101176262,0.04802175611257553,0.0414581373333931,0.035019587725400925,0.08957516402006149,1.945595145225525,0.08824217319488525,0.051018401980400085,0.014289197511970997,0.01659391075372696,0.07803460955619812,0.06736882776021957,0.022740202024579048,0.05816623196005821,1.945595145225525,0.05730064585804939,0.033129140734672546,0.00927878636866808,0.010775366798043251,0.050672296434640884,0.043746400624513626,0.051640089601278305,0.1320880651473999,1.945595145225525,0.13012242317199707,0.07523203641176224,0.0210709348320961,0.02446947805583477,0.11507029086351395,0.0993424728512764,1.945595145225525,1.945595145225525,0.0,0.0,0.0,0.0,0.0,0.0,0.0,0.0,0.0,0.0,0.0,0.0,0.0,0.0,0.0,0.0,0.0,0.0,0.0,0.0,0.0,0.0,0.0,0.0,0.0,0.0,0.0,0.0,0.0,0.0,0.0,0.0,0.0,0.0
0.02953994646668434,0.02346445433795452,0.03782154619693756,1.945595145225525,0.038446422666311264,0.014491974376142025,0.03875785693526268,0.03270906209945679,0.024640731513500214,0.04241284728050232,0.03368977829813957,0.05430339276790619,1.945595145225525,0.05520057678222656,0.020807277411222458,0.055647727102041245,0.04696299508213997,0.035378653556108475,0.06892021745443344,0.05474536865949631,0.08824217319488525,1.945595145225525,0.08970008045434952,0.033811502158641815,0.09042669832706451,0.07631413638591766,0.05748976394534111,0.04475380480289459,0.03554927185177803,0.05730064585804939,1.945595145225525,0.05824735015630722,0.02195572480559349,0.05871918052434921,0.04955509677529335,0.037331365048885345,0.10163015872240067,0.08072784543037415,0.13012242317199707,1.945595145225525,0.13227227330207825,0.049858640879392624,0.13334374129772186,0.11253327876329422,0.08477474749088287,1.945595145225525,1.945595145225525,1.945595145225525,0.0,0.0,0.0,0.0,0.0,0.0,0.0,0.0,0.0,0.0,0.0,0.0,0.0,0.0,0.0,0.0,0.0,0.0,0.0,0.0,0.0,0.0,0.0,0.0,0.0,0.0,0.0,0.0,0.0,0.0,0.0,0.0,0.0
0.01781652309000492,0.0346725694835186,0.02186703495681286,0.038446422666311264,1.945595145225525,0.04561909660696983,0.018052633851766586,0.019923357293009758,0.02464742213487625,0.025580596178770065,0.0497821606695652,0.03139623627066612,0.05520057678222656,1.945595145225525,0.0654989555478096,0.02591959945857525,0.028605544939637184,0.03538826107978821,0.041568074375391006,0.08089523762464523,0.051018401980400085,0.08970008045434952,1.945595145225525,0.10643479228019714,0.042118947952985764,0.046483565121889114,0.057505372911691666,0.02699250541627407,0.05252986401319504,0.033129140734672546,0.05824735015630722,1.945595145225525,0.06911414116621017,0.02735022082924843,0.030184414237737656,0.03734149783849716,0.061296526342630386,0.1192886009812355,0.07523203641176224,0.13227227330207825,1.945595145225525,0.15694937109947205,0.0621088482439518,0.06854493916034698,0.08479776233434677,1.945595145225525,1.945595145225525,1.945595145225525,1.945595145225525,0.0,0.0,0.0,0.0,0.0,0.0,0.0,0.0,0.0,0.0,0.0,0.0,0.0,0.0,0.0,0.0,0.0,0.0,0.0,0.0,0.0,0.0,0.0,0.0,0.0,0.0,0.0,0.0,0.0,0.0,0.0,0.0
0.014516569674015045,0.030459513887763023,0.006124503910541534,0.014491974376142025,0.04561909660696983,1.945595145225525,0.016849854961037636,0.03817738592624664,0.028026746585965157,0.020842591300606728,0.0437331423163414,0.008793435990810394,0.020807277411222458,0.0654989555478096,1.945595145225525,0.024192674085497856,0.05481430143117905,0.040240224450826645,0.03386889025568962,0.07106567919254303,0.014289197511970997,0.033811502158641815,0.10643479228019714,1.945595145225525,0.03931272029876709,0.08907239139080048,0.0653897374868393,0.021992988884449005,0.04614697024226189,0.00927878636866808,0.02195572480559349,0.06911414116621017,1.945595145225525,0.02552797831594944,0.05783975496888161,0.04246126487851143,0.049943264573812485,0.10479386895895004,0.0210709348320961,0.049858640879392624,0.15694937109947205,1.945595145225525,0.057970769703388214,0.1313466727733612,0.09642409533262253,1.945595145225525,1.945595145225525,1.945595145225525,1.945595145225525,1.945595145225525,0.0,0.0,0.0,0.0,0.0,0.0,0.0,0.0,0.0,0.0,0.0,0.0,0.0,0.0,0.0,0.0,0.0,0.0,0.0,0.0,0.0,0.0,0.0,0.0,0.0,0.0,0.0,0.0,0.0,0.0,0.0
0.036124907433986664,0.006451940629631281,0.007112328428775072,0.03875785693526268,0.018052633851766586,0.016849854961037636,1.945595145225525,0.0291012953966856,0.02504134736955166,0.051867395639419556,0.009263562969863415,0.010211734101176262,0.055647727102041245,0.02591959945857525,0.024192674085497856,1.945595145225525,0.04178303852677345,0.03595384955406189,0.08428371697664261,0.01505314651876688,0.01659391075372696,0.09042669832706451,0.042118947952985764,0.03931272029876709,1.945595145225525,0.06789679080247879,0.0584244504570961,0.054730191826820374,0.009774860925972462,0.010775366798043251,0.05871918052434921,0.02735022082924843,0.02552797831594944,1.945595145225525,0.04408923536539078,0.03793830797076225,0.1242852583527565,0.022197458893060684,0.02446947805583477,0.13334374129772186,0.0621088482439518,0.057970769703388214,1.945595145225525,0.10012100636959076,0.08615303784608841,1.945595145225525,1.945595145225525,1.945595145225525,1.945595145225525,1.945595145225525,1.945595145225525,0.0,0.0,0.0,0.0,0.0,0.0,0.0,0.0,0.0,0.0,0.0,0.0,0.0,0.0,0.0,0.0,0.0,0.0,0.0,0.0,0.0,0.0,0.0,0.0,0.0,0.0,0.0,0.0,0.0,0.0
0.032492659986019135,0.041722893714904785,0.03344647213816643,0.03270906209945679,0.019923357293009758,0.03817738592624664,0.0291012953966856,1.945595145225525,0.0323379747569561,0.04665229097008705,0.05990487337112427,0.04802175611257553,0.04696299508213997,0.028605544939637184,0.05481430143117905,0.04178303852677345,1.945595145225525,0.04643019661307335,0.07580924779176712,0.09734448790550232,0.07803460955619812,0.07631413638591766,0.046483565121889114,0.08907239139080048,0.06789679080247879,1.945595145225525,0.07544834911823273,0.049227241426706314,0.06321129202842712,0.050672296434640884,0.04955509677529335,0.030184414237737656,0.05783975496888161,0.04408923536539078,1.945595145225525,0.04899289086461067,0.11178876459598541,0.1435447633266449,0.11507029086351395,0.11253327876329422,0.06854493916034698,0.1313466727733612,0.10012100636959076,1.945595145225525,0.11125658452510834,1.945595145225525,1.945595145225525,1.945595145225525,1.945595145225525,1.945595145225525,1.945595145225525,1.945595145225525,0.0,0.0,0.0,0.0,0.0,0.0,0.0,0.0,0.0,0.0,0.0,0.0,0.0,0.0,0.0,0.0,0.0,0.0,0.0,0.0,0.0,0.0,0.0,0.0,0.0,0.0,0.0,0.0,0.0
