0,1,2,3,4,5,6,7
0.0,0.47345427578660193,0.7874871318462666,0.47122520670798423,0.34727721476114365,0.7029601557452636,0.2288493468372415,0.42022827016117115
0.47345427578660193,0.0,0.2704847011203594,0.4865086133772796,0.4099014776407448,0.7800900594072153,0.4615005373537312,0.27165012054477283
0.7874871318462666,0.2704847011203594,0.0,0.37596829349554384,0.1653432116242462,0.9418346953842158,0.44689458183251785,0.5692672622165452
0.47122520670798423,0.4865086133772796,0.37596829349554384,0.0,0.6009092430764666,0.6626371491451952,0.512664402108379,0.7306991374500367
0.34727721476114365,0.4099014776407448,0.1653432116242462,0.6009092430764666,0.0,0.14600751100725629,0.37069220464563,0.6644382121179238
0.7029601557452636,0.7800900594072153,0.9418346953842158,0.6626371491451952,0.14600751100725629,0.0,0.2987373467984615,0.36576342059875705
0.2288493468372415,0.4615005373537312,0.44689458183251785,0.512664402108379,0.37069220464563,0.2987373467984615,0.0,0.296756075025557
0.42022827016117115,0.27165012054477283,0.5692672622165452,0.7306991374500367,0.6644382121179238,0.36576342059875705,0.296756075025557,0.0
