0,1,2,3,4,5,6,7
0.0,0.29541330831110774,0.6844285463729066,0.1988227908746449,0.8075472926880665,0.2057267117488315,0.5002154838196105,0.18882590443283254
0.29541330831110774,0.0,0.6164922460559509,0.16210678581988341,0.5282347086380996,0.295378163406883,0.2562513646212401,0.2340981074642599
0.6844285463729066,0.6164922460559509,0.0,0.7305208755290076,0.6290957320761209,0.4799849399663869,0.4505674618897325,0.5011652882689774
0.1988227908746449,0.16210678581988341,0.7305208755290076,0.0,0.6856864380254792,0.3116814294221257,0.4166524226437045,0.2583037753999516
0.8075472926880665,0.5282347086380996,0.6290957320761209,0.6856864380254792,0.0,0.707788626659123,0.319517395763953,0.6668373391121822
0.2057267117488315,0.295378163406883,0.4799849399663869,0.3116814294221257,0.707788626659123,0.0,0.3884133254645132,0.06147161324938751
0.5002154838196105,0.2562513646212401,0.4505674618897325,0.4166524226437045,0.319517395763953,0.3884133254645132,0.0,0.3479308692420597
0.18882590443283254,0.2340981074642599,0.5011652882689774,0.2583037753999516,0.6668373391121822,0.06147161324938751,0.3479308692420597,0.0
