0,1,2,3,4,5,6,7,8,9,10,11,12,13,14,15,16,17,18,19,20,21,22,23,24,25,26,27,28,29,30,31,32,33,34,35,36,37,38,39,40,41,42,43,44,45,46,47,48,49,50,51,52,53,54,55,56,57,58,59,60,61,62,63
0.0,0.0,0.0,0.0,0.0,0.0,0.0,0.0,0.0,0.0,0.0,0.0,0.0,0.0,0.0,0.0,0.0,0.0,0.0,0.0,0.0,0.0,0.0,0.0,0.0,0.0,0.0,0.0,0.0,0.0,0.0,0.0,0.0,0.0,0.0,0.0,0.0,0.0,0.0,0.0,0.0,0.0,0.0,0.0,0.0,0.0,0.0,0.0,0.0,0.0,0.0,0.0,0.0,0.0,0.0,0.0,0.0,0.0,0.0,0.0,0.0,0.0,0.0,0.0
1.521152138710022,0.0,0.0,0.0,0.0,0.0,0.0,0.0,0.0,0.0,0.0,0.0,0.0,0.0,0.0,0.0,0.0,0.0,0.0,0.0,0.0,0.0,0.0,0.0,0.0,0.0,0.0,0.0,0.0,0.0,0.0,0.0,0.0,0.0,0.0,0.0,0.0,0.0,0.0,0.0,0.0,0.0,0.0,0.0,0.0,0.0,0.0,0.0,0.0,0.0,0.0,0.0,0.0,0.0,0.0,0.0,0.0,0.0,0.0,0.0,0.0,0.0,0.0,0.0
1.521152138710022,1.521152138710022,0.0,0.0,0.0,0.0,0.0,0.0,0.0,0.0,0.0,0.0,0.0,0.0,0.0,0.0,0.0,0.0,0.0,0.0,0.0,0.0,0.0,0.0,0.0,0.0,0.0,0.0,0.0,0.0,0.0,0.0,0.0,0.0,0.0,0.0,0.0,0.0,0.0,0.0,0.0,0.0,0.0,0.0,0.0,0.0,0.0,0.0,0.0,0.0,0.0,0.0,0.0,0.0,0.0,0.0,0.0,0.0,0.0,0.0,0.0,0.0,0.0,0.0
1.521152138710022,1.521152138710022,1.521152138710022,0.0,0.0,0.0,0.0,0.0,0.0,0.0,0.0,0.0,0.0,0.0,0.0,0.0,0.0,0.0,0.0,0.0,0.0,0.0,0.0,0.0,0.0,0.0,0.0,0.0,0.0,0.0,0.0,0.0,0.0,0.0,0.0,0.0,0.0,0.0,0.0,0.0,0.0,0.0,0.0,0.0,0.0,0.0,0.0,0.0,0.0,0.0,0.0,0.0,0.0,0.0,0.0,0.0,0.0,0.0,0.0,0.0,0.0,0.0,0.0,0.0
1.521152138710022,1.521152138710022,1.521152138710022,1.521152138710022,0.0,0.0,0.0,0.0,0.0,0.0,0.0,0.0,0.0,0.0,0.0,0.0,0.0,0.0,0.0,0.0,0.0,0.0,0.0,0.0,0.0,0.0,0.0,0.0,0.0,0.0,0.0,0.0,0.0,0.0,0.0,0.0,0.0,0.0,0.0,0.0,0.0,0.0,0.0,0.0,0.0,0.0,0.0,0.0,0.0,0.0,0.0,0.0,0.0,0.0,0.0,0.0,0.0,0.0,0.0,0.0,0.0,0.0,0.0,0.0
1.521152138710022,1.521152138710022,1.521152138710022,1.521152138710022,1.521152138710022,0.0,0.0,0.0,0.0,0.0,0.0,0.0,0.0,0.0,0.0,0.0,0.0,0.0,0.0,0.0,0.0,0.0,0.0,0.0,0.0,0.0,0.0,0.0,0.0,0.0,0.0,0.0,0.0,0.0,0.0,0.0,0.0,0.0,0.0,0.0,0.0,0.0,0.0,0.0,0.0,0.0,0.0,0.0,0.0,0.0,0.0,0.0,0.0,0.0,0.0,0.0,0.0,0.0,0.0,0.0,0.0,0.0,0.0,0.0
1.521152138710022,1.521152138710022,1.521152138710022,1.521152138710022,1.521152138710022,1.521152138710022,0.0,0.0,0.0,0.0,0.0,0.0,0.0,0.0,0.0,0.0,0.0,0.0,0.0,0.0,0.0,0.0,0.0,0.0,0.0,0.0,0.0,0.0,0.0,0.0,0.0,0.0,0.0,0.0,0.0,0.0,0.0,0.0,0.0,0.0,0.0,0.0,0.0,0.0,0.0,0.0,0.0,0.0,0.0,0.0,0.0,0.0,0.0,0.0,0.0,0.0,0.0,0.0,0.0,0.0,0.0,0.0,0.0,0.0
1.521152138710022,1.521152138710022,1.521152138710022,1.521152138710022,1.521152138710022,1.521152138710022,1.521152138710022,0.0,0.0,0.0,0.0,0.0,0.0,0.0,0.0,0.0,0.0,0.0,0.0,0.0,0.0,0.0,0.0,0.0,0.0,0.0,0.0,0.0,0.0,0.0,0.0,0.0,0.0,0.0,0.0,0.0,0.0,0.0,0.0,0.0,0.0,0.0,0.0,0.0,0.0,0.0,0.0,0.0,0.0,0.0,0.0,0.0,0.0,0.0,0.0,0.0,0.0,0.0,0.0,0.0,0.0,0.0,0.0,0.0
1.521152138710022,0.03496617451310158,0.05815854296088219,0.03480155020952225,0.02564757689833641,0.05191594734787941,0.0169012863188982,0.031035255640745163,0.0,0.0,0.0,0.0,0.0,0.0,0.0,0.0,0.0,0.0,0.0,0.0,0.0,0.0,0.0,0.0,0.0,0.0,0.0,0.0,0.0,0.0,0.0,0.0,0.0,0.0,0.0,0.0,0.0,0.0,0.0,0.0,0.0,0.0,0.0,0.0,0.0,0.0,0.0,0.0,0.0,0.0,0.0,0.0,0.0,0.0,0.0,0.0,0.0,0.0,0.0,0.0,0.0,0.0,0.0,0.0
0.03496617451310158,1.521152138710022,0.019976194947957993,0.03593027964234352,0.03027258813381195,0.05761224776506424,0.034083351492881775,0.020062265917658806,1.521152138710022,0.0,0.0,0.0,0.0,0.0,0.0,0.0,0.0,0.0,0.0,0.0,0.0,0.0,0.0,0.0,0.0,0.0,0.0,0.0,0.0,0.0,0.0,0.0,0.0,0.0,0.0,0.0,0.0,0.0,0.0,0.0,0.0,0.0,0.0,0.0,0.0,0.0,0.0,0.0,0.0,0.0,0.0,0.0,0.0,0.0,0.0,0.0,0.0,0.0,0.0,0.0,0.0,0.0,0.0,0.0
0.05815854296088219,0.019976194947957993,1.521152138710022,0.027766508981585503,0.012211145833134651,0.06955762952566147,0.033004652708768845,0.04204228147864342,1.521152138710022,1.521152138710022,0.0,0.0,0.0,0.0,0.0,0.0,0.0,0.0,0.0,0.0,0.0,0.0,0.0,0.0,0.0,0.0,0.0,0.0,0.0,0.0,0.0,0.0,0.0,0.0,0.0,0.0,0.0,0.0,0.0,0.0,0.0,0.0,0.0,0.0,0.0,0.0,0.0,0.0,0.0,0.0,0.0,0.0,0.0,0.0,0.0,0.0,0.0,0.0,0.0,0.0,0.0,0.0,0.0,0.0
0.03480155020952225,0.03593027964234352,0.027766508981585503,1.521152138710022,0.04437914863228798,0.04893795773386955,0.03786197304725647,0.053964562714099884,1.521152138710022,1.521152138710022,1.521152138710022,0.0,0.0,0.0,0.0,0.0,0.0,0.0,0.0,0.0,0.0,0.0,0.0,0.0,0.0,0.0,0.0,0.0,0.0,0.0,0.0,0.0,0.0,0.0,0.0,0.0,0.0,0.0,0.0,0.0,0.0,0.0,0.0,0.0,0.0,0.0,0.0,0.0,0.0,0.0,0.0,0.0,0.0,0.0,0.0,0.0,0.0,0.0,0.0,0.0,0.0,0.0,0.0,0.0
0.02564757689833641,0.03027258813381195,0.012211145833134651,0.04437914863228798,1.521152138710022,0.010783140547573566,0.027376852929592133,0.049070972949266434,1.521152138710022,1.521152138710022,1.521152138710022,1.521152138710022,0.0,0.0,0.0,0.0,0.0,0.0,0.0,0.0,0.0,0.0,0.0,0.0,0.0,0.0,0.0,0.0,0.0,0.0,0.0,0.0,0.0,0.0,0.0,0.0,0.0,0.0,0.0,0.0,0.0,0.0,0.0,0.0,0.0,0.0,0.0,0.0,0.0,0.0,0.0,0.0,0.0,0.0,0.0,0.0,0.0,0.0,0.0,0.0,0.0,0.0,0.0,0.0
0.05191594734787941,0.05761224776506424,0.06955762952566147,0.04893795773386955,0.010783140547573566,1.521152138710022,0.022062746807932854,0.027012845501303673,1.521152138710022,1.521152138710022,1.521152138710022,1.521152138710022,1.521152138710022,0.0,0.0,0.0,0.0,0.0,0.0,0.0,0.0,0.0,0.0,0.0,0.0,0.0,0.0,0.0,0.0,0.0,0.0,0.0,0.0,0.0,0.0,0.0,0.0,0.0,0.0,0.0,0.0,0.0,0.0,0.0,0.0,0.0,0.0,0.0,0.0,0.0,0.0,0.0,0.0,0.0,0.0,0.0,0.0,0.0,0.0,0.0,0.0,0.0,0.0,0.0
0.0169012863188982,0.034083351492881775,0.033004652708768845,0.03786197304725647,0.027376852929592133,0.022062746807932854,1.521152138710022,0.021916422992944717,1.521152138710022,1.521152138710022,1.521152138710022,1.521152138710022,1.521152138710022,1.521152138710022,0.0,0.0,0.0,0.0,0.0,0.0,0.0,0.0,0.0,0.0,0.0,0.0,0.0,0.0,0.0,0.0,0.0,0.0,0.0,0.0,0.0,0.0,0.0,0.0,0.0,0.0,0.0,0.0,0.0,0.0,0.0,0.0,0.0,0.0,0.0,0.0,0.0,0.0,0.0,0.0,0.0,0.0,0.0,0.0,0.0,0.0,0.0,0.0,0.0,0.0
0.031035255640745163,0.020062265917658806,0.04204228147864342,0.053964562714099884,0.049070972949266434,0.027012845501303673,0.021916422992944717,1.521152138710022,1.521152138710022,1.521152138710022,1.521152138710022,1.521152138710022,1.521152138710022,1.521152138710022,1.521152138710022,0.0,0.0,0.0,0.0,0.0,0.0,0.0,0.0,0.0,0.0,0.0,0.0,0.0,0.0,0.0,0.0,0.0,0.0,0.0,0.0,0.0,0.0,0.0,0.0,0.0,0.0,0.0,0.0,0.0,0.0,0.0,0.0,0.0,0.0,0.0,0.0,0.0,0.0,0.0,0.0,0.0,0.0,0.0,0.0,0.0,0.0,0.0,0.0,0.0
1.521152138710022,0.08101140707731247,0.13474467396736145,0.08062999695539474,0.059421610087156296,0.12028150260448456,0.03915775567293167,0.07190405577421188,1.521152138710022,0.07297021895647049,0.12136992812156677,0.07262667268514633,0.05352342873811722,0.10834237188100815,0.03527096286416054,0.06476686894893646,0.0,0.0,0.0,0.0,0.0,0.0,0.0,0.0,0.0,0.0,0.0,0.0,0.0,0.0,0.0,0.0,0.0,0.0,0.0,0.0,0.0,0.0,0.0,0.0,0.0,0.0,0.0,0.0,0.0,0.0,0.0,0.0,0.0,0.0,0.0,0.0,0.0,0.0,0.0,0.0,0.0,0.0,0.0,0.0,0.0,0.0,0.0,0.0
0.08101140707731247,1.521152138710022,0.04628186300396919,0.08324509859085083,0.07013706862926483,0.13347896933555603,0.07896603643894196,0.04648127406835556,0.07297021895647049,1.521152138710022,0.04168793186545372,0.07498219609260559,0.063175268471241,0.12022987008094788,0.07112787663936615,0.04186754673719406,1.521152138710022,0.0,0.0,0.0,0.0,0.0,0.0,0.0,0.0,0.0,0.0,0.0,0.0,0.0,0.0,0.0,0.0,0.0,0.0,0.0,0.0,0.0,0.0,0.0,0.0,0.0,0.0,0.0,0.0,0.0,0.0,0.0,0.0,0.0,0.0,0.0,0.0,0.0,0.0,0.0,0.0,0.0,0.0,0.0,0.0,0.0,0.0,0.0
0.13474467396736145,0.04628186300396919,1.521152138710022,0.06433086097240448,0.028291404247283936,0.161154642701149,0.07646685093641281,0.09740569442510605,0.12136992812156677,0.04168793186545372,1.521152138710022,0.057945385575294495,0.025483202189207077,0.14515843987464905,0.06887675821781158,0.08773721009492874,1.521152138710022,1.521152138710022,0.0,0.0,0.0,0.0,0.0,0.0,0.0,0.0,0.0,0.0,0.0,0.0,0.0,0.0,0.0,0.0,0.0,0.0,0.0,0.0,0.0,0.0,0.0,0.0,0.0,0.0,0.0,0.0,0.0,0.0,0.0,0.0,0.0,0.0,0.0,0.0,0.0,0.0,0.0,0.0,0.0,0.0,0.0,0.0,0.0,0.0
0.08062999695539474,0.08324509859085083,0.06433086097240448,1.521152138710022,0.10281985998153687,0.11338194459676743,0.08772053569555283,0.1250278353691101,0.07262667268514633,0.07498219609260559,0.057945385575294495,1.521152138710022,0.09261397272348404,0.10212766379117966,0.0790134072303772,0.11261758953332901,1.521152138710022,1.521152138710022,1.521152138710022,0.0,0.0,0.0,0.0,0.0,0.0,0.0,0.0,0.0,0.0,0.0,0.0,0.0,0.0,0.0,0.0,0.0,0.0,0.0,0.0,0.0,0.0,0.0,0.0,0.0,0.0,0.0,0.0,0.0,0.0,0.0,0.0,0.0,0.0,0.0,0.0,0.0,0.0,0.0,0.0,0.0,0.0,0.0,0.0,0.0
0.059421610087156296,0.07013706862926483,0.028291404247283936,0.10281985998153687,1.521152138710022,0.02498292736709118,0.06342808157205582,0.11369012296199799,0.05352342873811722,0.063175268471241,0.025483202189207077,0.09261397272348404,1.521152138710022,0.022503124549984932,0.05713221803307533,0.10240525007247925,1.521152138710022,1.521152138710022,1.521152138710022,1.521152138710022,0.0,0.0,0.0,0.0,0.0,0.0,0.0,0.0,0.0,0.0,0.0,0.0,0.0,0.0,0.0,0.0,0.0,0.0,0.0,0.0,0.0,0.0,0.0,0.0,0.0,0.0,0.0,0.0,0.0,0.0,0.0,0.0,0.0,0.0,0.0,0.0,0.0,0.0,0.0,0.0,0.0,0.0,0.0,0.0
0.12028150260448456,0.13347896933555603,0.161154642701149,0.11338194459676743,0.02498292736709118,1.521152138710022,0.05111609026789665,0.06258472800254822,0.10834237188100815,0.12022987008094788,0.14515843987464905,0.10212766379117966,0.022503124549984932,1.521152138710022,0.046042315661907196,0.05637257918715477,1.521152138710022,1.521152138710022,1.521152138710022,1.521152138710022,1.521152138710022,0.0,0.0,0.0,0.0,0.0,0.0,0.0,0.0,0.0,0.0,0.0,0.0,0.0,0.0,0.0,0.0,0.0,0.0,0.0,0.0,0.0,0.0,0.0,0.0,0.0,0.0,0.0,0.0,0.0,0.0,0.0,0.0,0.0,0.0,0.0,0.0,0.0,0.0,0.0,0.0,0.0,0.0,0.0
0.03915775567293167,0.07896603643894196,0.07646685093641281,0.08772053569555283,0.06342808157205582,0.05111609026789665,1.521152138710022,0.05077708140015602,0.03527096286416054,0.07112787663936615,0.06887675821781158,0.0790134072303772,0.05713221803307533,0.046042315661907196,1.521152138710022,0.04573695361614227,1.521152138710022,1.521152138710022,1.521152138710022,1.521152138710022,1.521152138710022,1.521152138710022,0.0,0.0,0.0,0.0,0.0,0.0,0.0,0.0,0.0,0.0,0.0,0.0,0.0,0.0,0.0,0.0,0.0,0.0,0.0,0.0,0.0,0.0,0.0,0.0,0.0,0.0,0.0,0.0,0.0,0.0,0.0,0.0,0.0,0.0,0.0,0.0,0.0,0.0,0.0,0.0,0.0,0.0
0.07190405577421188,0.04648127406835556,0.09740569442510605,0.1250278353691101,0.11369012296199799,0.06258472800254822,0.05077708140015602,1.521152138710022,0.06476686894893646,0.04186754673719406,0.08773721009492874,0.11261758953332901,0.10240525007247925,0.05637257918715477,0.04573695361614227,1.521152138710022,1.521152138710022,1.521152138710022,1.521152138710022,1.521152138710022,1.521152138710022,1.521152138710022,1.521152138710022,0.0,0.0,0.0,0.0,0.0,0.0,0.0,0.0,0.0,0.0,0.0,0.0,0.0,0.0,0.0,0.0,0.0,0.0,0.0,0.0,0.0,0.0,0.0,0.0,0.0,0.0,0.0,0.0,0.0,0.0,0.0,0.0,0.0,0.0,0.0,0.0,0.0,0.0,0.0,0.0,0.0
1.521152138710022,0.023533375933766365,0.03914259746670723,0.02342257834970951,0.017261656001210213,0.03494112566113472,0.011375116184353828,0.020887739956378937,1.521152138710022,0.01918753795325756,0.031914252787828445,0.01909720152616501,0.014073998667299747,0.028488652780652046,0.009274507872760296,0.017030462622642517,1.521152138710022,0.08646705746650696,0.1438189446926117,0.08605996519327164,0.06342331320047379,0.12838177382946014,0.041794806718826294,0.0767463818192482,0.0,0.0,0.0,0.0,0.0,0.0,0.0,0.0,0.0,0.0,0.0,0.0,0.0,0.0,0.0,0.0,0.0,0.0,0.0,0.0,0.0,0.0,0.0,0.0,0.0,0.0,0.0,0.0,0.0,0.0,0.0,0.0,0.0,0.0,0.0,0.0,0.0,0.0,0.0,0.0
0.023533375933766365,1.521152138710022,0.013444630429148674,0.02418225072324276,0.020374439656734467,0.038774922490119934,0.022939207032322884,0.013502558693289757,0.01918753795325756,1.521152138710022,0.010961851105093956,0.01971658691763878,0.01661195233464241,0.03161447122693062,0.018703091889619827,0.011009082198143005,0.08646705746650696,1.521152138710022,0.04939867928624153,0.08885117620229721,0.07486039400100708,0.14246802031993866,0.08428394049406052,0.049611520022153854,1.521152138710022,0.0,0.0,0.0,0.0,0.0,0.0,0.0,0.0,0.0,0.0,0.0,0.0,0.0,0.0,0.0,0.0,0.0,0.0,0.0,0.0,0.0,0.0,0.0,0.0,0.0,0.0,0.0,0.0,0.0,0.0,0.0,0.0,0.0,0.0,0.0,0.0,0.0,0.0,0.0
0.03914259746670723,0.013444630429148674,1.521152138710022,0.018687766045331955,0.008218499831855297,0.04681454971432686,0.022213207557797432,0.02829582616686821,0.031914252787828445,0.010961851105093956,1.521152138710022,0.015236753039062023,0.006700814235955477,0.03816944733262062,0.01811116188764572,0.023070521652698517,0.1438189446926117,0.04939867928624153,1.521152138710022,0.06866317242383957,0.030196666717529297,0.1720074713230133,0.08161645382642746,0.1039654016494751,1.521152138710022,1.521152138710022,0.0,0.0,0.0,0.0,0.0,0.0,0.0,0.0,0.0,0.0,0.0,0.0,0.0,0.0,0.0,0.0,0.0,0.0,0.0,0.0,0.0,0.0,0.0,0.0,0.0,0.0,0.0,0.0,0.0,0.0,0.0,0.0,0.0,0.0,0.0,0.0,0.0,0.0
0.02342257834970951,0.02418225072324276,0.018687766045331955,1.521152138710022,0.029868613928556442,0.03293684124946594,0.025482341647148132,0.03631991147994995,0.01909720152616501,0.01971658691763878,0.015236753039062023,1.521152138710022,0.024352867156267166,0.026854494586586952,0.020776594057679176,0.029612822458148003,0.08605996519327164,0.08885117620229721,0.06866317242383957,1.521152138710022,0.10974418371915817,0.12101756781339645,0.09362801164388657,0.13344773650169373,1.521152138710022,1.521152138710022,1.521152138710022,0.0,0.0,0.0,0.0,0.0,0.0,0.0,0.0,0.0,0.0,0.0,0.0,0.0,0.0,0.0,0.0,0.0,0.0,0.0,0.0,0.0,0.0,0.0,0.0,0.0,0.0,0.0,0.0,0.0,0.0,0.0,0.0,0.0,0.0,0.0,0.0,0.0
0.017261656001210213,0.020374439656734467,0.008218499831855297,0.029868613928556442,1.521152138710022,0.007257405202835798,0.018425514921545982,0.03302636370062828,0.014073998667299747,0.01661195233464241,0.006700814235955477,0.024352867156267166,1.521152138710022,0.005917202215641737,0.015022930689156055,0.026927486062049866,0.06342331320047379,0.07486039400100708,0.030196666717529297,0.10974418371915817,1.521152138710022,0.02666538394987583,0.06769959628582001,0.12134649604558945,1.521152138710022,1.521152138710022,1.521152138710022,1.521152138710022,0.0,0.0,0.0,0.0,0.0,0.0,0.0,0.0,0.0,0.0,0.0,0.0,0.0,0.0,0.0,0.0,0.0,0.0,0.0,0.0,0.0,0.0,0.0,0.0,0.0,0.0,0.0,0.0,0.0,0.0,0.0,0.0,0.0,0.0,0.0,0.0
0.03494112566113472,0.038774922490119934,0.04681454971432686,0.03293684124946594,0.007257405202835798,1.521152138710022,0.014848948456346989,0.018180526793003082,0.028488652780652046,0.03161447122693062,0.03816944733262062,0.026854494586586952,0.005917202215641737,1.521152138710022,0.012106837704777718,0.014823183417320251,0.12838177382946014,0.14246802031993866,0.1720074713230133,0.12101756781339645,0.02666538394987583,1.521152138710022,0.054558467119932175,0.06679945439100266,1.521152138710022,1.521152138710022,1.521152138710022,1.521152138710022,1.521152138710022,0.0,0.0,0.0,0.0,0.0,0.0,0.0,0.0,0.0,0.0,0.0,0.0,0.0,0.0,0.0,0.0,0.0,0.0,0.0,0.0,0.0,0.0,0.0,0.0,0.0,0.0,0.0,0.0,0.0,0.0,0.0,0.0,0.0,0.0,0.0
0.011375116184353828,0.022939207032322884,0.022213207557797432,0.025482341647148132,0.018425514921545982,0.014848948456346989,1.521152138710022,0.014750467613339424,0.009274507872760296,0.018703091889619827,0.01811116188764572,0.020776594057679176,0.015022930689156055,0.012106837704777718,1.521152138710022,0.012026543729007244,0.041794806718826294,0.08428394049406052,0.08161645382642746,0.09362801164388657,0.06769959628582001,0.054558467119932175,1.521152138710022,0.05419662594795227,1.521152138710022,1.521152138710022,1.521152138710022,1.521152138710022,1.521152138710022,1.521152138710022,0.0,0.0,0.0,0.0,0.0,0.0,0.0,0.0,0.0,0.0,0.0,0.0,0.0,0.0,0.0,0.0,0.0,0.0,0.0,0.0,0.0,0.0,0.0,0.0,0.0,0.0,0.0,0.0,0.0,0.0,0.0,0.0,0.0,0.0
0.020887739956378937,0.013502558693289757,0.02829582616686821,0.03631991147994995,0.03302636370062828,0.018180526793003082,0.014750467613339424,1.521152138710022,0.017030462622642517,0.011009082198143005,0.023070521652698517,0.029612822458148003,0.026927486062049866,0.014823183417320251,0.012026543729007244,1.521152138710022,0.0767463818192482,0.049611520022153854,0.1039654016494751,0.13344773650169373,0.12134649604558945,0.06679945439100266,0.05419662594795227,1.521152138710022,1.521152138710022,1.521152138710022,1.521152138710022,1.521152138710022,1.521152138710022,1.521152138710022,1.521152138710022,0.0,0.0,0.0,0.0,0.0,0.0,0.0,0.0,0.0,0.0,0.0,0.0,0.0,0.0,0.0,0.0,0.0,0.0,0.0,0.0,0.0,0.0,0.0,0.0,0.0,0.0,0.0,0.0,0.0,0.0,0.0,0.0,0.0
1.521152138710022,0.09558417648077011,0.1589832752943039,0.09513416141271591,0.07011069357395172,0.1419183909893036,0.0462016686797142,0.08483854681253433,1.521152138710022,0.0625237450003624,0.10399451106786728,0.062229376286268234,0.04586096853017807,0.09283199161291122,0.030221542343497276,0.05549478903412819,1.521152138710022,0.07446201890707016,0.12385119497776031,0.0741114392876625,0.05461765453219414,0.11055731028318405,0.03599203750491142,0.06609095633029938,1.521152138710022,0.0811602920293808,0.134992316365242,0.08077818155288696,0.059530820697546005,0.12050256133079529,0.03922972455620766,0.07203620672225952,0.0,0.0,0.0,0.0,0.0,0.0,0.0,0.0,0.0,0.0,0.0,0.0,0.0,0.0,0.0,0.0,0.0,0.0,0.0,0.0,0.0,0.0,0.0,0.0,0.0,0.0,0.0,0.0,0.0,0.0,0.0,0.0
0.09558417648077011,1.521152138710022,0.05460729822516441,0.09821967780590057,0.08275371044874191,0.15748991072177887,0.09317087382078171,0.05484258010983467,0.0625237450003624,1.521152138710022,0.0357198528945446,0.06424768269062042,0.05413104593753815,0.103017657995224,0.06094514951109886,0.03587375581264496,0.07446201890707016,1.521152138710022,0.04254019260406494,0.07651512324810028,0.06446681916713715,0.12268783152103424,0.07258200645446777,0.042723484337329865,0.0811602920293808,1.521152138710022,0.04636692255735397,0.08339808881282806,0.07026597112417221,0.13372428715229034,0.07911116629838943,0.04656670242547989,1.521152138710022,0.0,0.0,0.0,0.0,0.0,0.0,0.0,0.0,0.0,0.0,0.0,0.0,0.0,0.0,0.0,0.0,0.0,0.0,0.0,0.0,0.0,0.0,0.0,0.0,0.0,0.0,0.0,0.0,0.0,0.0,0.0
0.1589832752943039,0.05460729822516441,1.521152138710022,0.0759030431509018,0.03338061645627022,0.19014401733875275,0.09022212773561478,0.11492756009101868,0.10399451106786728,0.0357198528945446,1.521152138710022,0.04964987561106682,0.021835004910826683,0.12437744438648224,0.059016305953264236,0.0751766785979271,0.12385119497776031,0.04254019260406494,1.521152138710022,0.05913001298904419,0.02600417658686638,0.1481260508298874,0.07028486579656601,0.08953090012073517,0.134992316365242,0.04636692255735397,1.521152138710022,0.06444908678531647,0.028343399986624718,0.1614508181810379,0.07660739123821259,0.09758470952510834,1.521152138710022,1.521152138710022,0.0,0.0,0.0,0.0,0.0,0.0,0.0,0.0,0.0,0.0,0.0,0.0,0.0,0.0,0.0,0.0,0.0,0.0,0.0,0.0,0.0,0.0,0.0,0.0,0.0,0.0,0.0,0.0,0.0,0.0
0.09513416141271591,0.09821967780590057,0.0759030431509018,1.521152138710022,0.12131565809249878,0.1337777078151703,0.10350018739700317,0.14751853048801422,0.062229376286268234,0.06424768269062042,0.04964987561106682,1.521152138710022,0.07935527712106705,0.0875069871544838,0.0677017793059349,0.09649515897035599,0.0741114392876625,0.07651512324810028,0.05913001298904419,1.521152138710022,0.0945073589682579,0.10421554744243622,0.08062874525785446,0.11491993069648743,0.08077818155288696,0.08339808881282806,0.06444908678531647,1.521152138710022,0.10300882905721664,0.11359032988548279,0.08788175880908966,0.12525762617588043,1.521152138710022,1.521152138710022,1.521152138710022,0.0,0.0,0.0,0.0,0.0,0.0,0.0,0.0,0.0,0.0,0.0,0.0,0.0,0.0,0.0,0.0,0.0,0.0,0.0,0.0,0.0,0.0,0.0,0.0,0.0,0.0,0.0,0.0,0.0
0.07011069357395172,0.08275371044874191,0.03338061645627022,0.12131565809249878,1.521152138710022,0.029476992785930634,0.07483787089586258,0.13414132595062256,0.04586096853017807,0.05413104593753815,0.021835004910826683,0.07935527712106705,1.521152138710022,0.019281558692455292,0.04895312339067459,0.0877448320388794,0.05461765453219414,0.06446681916713715,0.02600417658686638,0.0945073589682579,1.521152138710022,0.022963175550103188,0.05830021947622299,0.10449881106615067,0.059530820697546005,0.07026597112417221,0.028343399986624718,0.10300882905721664,1.521152138710022,0.02502884343266487,0.06354465335607529,0.11389906704425812,1.521152138710022,1.521152138710022,1.521152138710022,1.521152138710022,0.0,0.0,0.0,0.0,0.0,0.0,0.0,0.0,0.0,0.0,0.0,0.0,0.0,0.0,0.0,0.0,0.0,0.0,0.0,0.0,0.0,0.0,0.0,0.0,0.0,0.0,0.0,0.0
0.1419183909893036,0.15748991072177887,0.19014401733875275,0.1337777078151703,0.029476992785930634,1.521152138710022,0.06031113490462303,0.07384281605482101,0.09283199161291122,0.103017657995224,0.12437744438648224,0.0875069871544838,0.019281558692455292,1.521152138710022,0.039450857788324356,0.04830223321914673,0.11055731028318405,0.12268783152103424,0.1481260508298874,0.10421554744243622,0.022963175550103188,1.521152138710022,0.04698359593749046,0.05752504989504814,0.12050256133079529,0.13372428715229034,0.1614508181810379,0.11359032988548279,0.02502884343266487,1.521152138710022,0.05121003836393356,0.06269975751638412,1.521152138710022,1.521152138710022,1.521152138710022,1.521152138710022,1.521152138710022,0.0,0.0,0.0,0.0,0.0,0.0,0.0,0.0,0.0,0.0,0.0,0.0,0.0,0.0,0.0,0.0,0.0,0.0,0.0,0.0,0.0,0.0,0.0,0.0,0.0,0.0,0.0
0.0462016686797142,0.09317087382078171,0.09022212773561478,0.10350018739700317,0.07483787089586258,0.06031113490462303,1.521152138710022,0.05991114303469658,0.030221542343497276,0.06094514951109886,0.059016305953264236,0.0677017793059349,0.04895312339067459,0.039450857788324356,1.521152138710022,0.03918921574950218,0.03599203750491142,0.07258200645446777,0.07028486579656601,0.08062874525785446,0.05830021947622299,0.04698359593749046,1.521152138710022,0.046671994030475616,0.03922972455620766,0.07911116629838943,0.07660739123821259,0.08788175880908966,0.06354465335607529,0.05121003836393356,1.521152138710022,0.05087040364742279,1.521152138710022,1.521152138710022,1.521152138710022,1.521152138710022,1.521152138710022,1.521152138710022,0.0,0.0,0.0,0.0,0.0,0.0,0.0,0.0,0.0,0.0,0.0,0.0,0.0,0.0,0.0,0.0,0.0,0.0,0.0,0.0,0.0,0.0,0.0,0.0,0.0,0.0
0.08483854681253433,0.05484258010983467,0.11492756009101868,0.14751853048801422,0.13414132595062256,0.07384281605482101,0.05991114303469658,1.521152138710022,0.05549478903412819,0.03587375581264496,0.0751766785979271,0.09649515897035599,0.0877448320388794,0.04830223321914673,0.03918921574950218,1.521152138710022,0.06609095633029938,0.042723484337329865,0.08953090012073517,0.11491993069648743,0.10449881106615067,0.05752504989504814,0.046671994030475616,1.521152138710022,0.07203620672225952,0.04656670242547989,0.09758470952510834,0.12525762617588043,0.11389906704425812,0.06269975751638412,0.05087040364742279,1.521152138710022,1.521152138710022,1.521152138710022,1.521152138710022,1.521152138710022,1.521152138710022,1.521152138710022,1.521152138710022,0.0,0.0,0.0,0.0,0.0,0.0,0.0,0.0,0.0,0.0,0.0,0.0,0.0,0.0,0.0,0.0,0.0,0.0,0.0,0.0,0.0,0.0,0.0,0.0,0.0
1.521152138710022,0.024350548163056374,0.04050178453326225,0.024235902354121208,0.017861049622297287,0.03615441918373108,0.011770105920732021,0.021613044664263725,1.521152138710022,0.034962013363838196,0.05815162509679794,0.03479740768671036,0.02564452588558197,0.05190977081656456,0.01689927466213703,0.031031563878059387,1.521152138710022,0.05681272968649864,0.094495490193367,0.05654525011777878,0.041671957820653915,0.08435257524251938,0.027461059391498566,0.05042580887675285,1.521152138710022,0.03689172491431236,0.06136127933859825,0.036718036979436874,0.02705996483564377,0.05477490648627281,0.017832022160291672,0.03274433687329292,1.521152138710022,0.08377638459205627,0.13934360444545746,0.08338195830583572,0.06144971400499344,0.12438680231571198,0.04049424082040787,0.07435819506645203,0.0,0.0,0.0,0.0,0.0,0.0,0.0,0.0,0.0,0.0,0.0,0.0,0.0,0.0,0.0,0.0,0.0,0.0,0.0,0.0,0.0,0.0,0.0,0.0
0.024350548163056374,1.521152138710022,0.013911481946706772,0.025021953508257866,0.021081920713186264,0.04012133926153183,0.02373574674129486,0.013971421867609024,0.034962013363838196,1.521152138710022,0.019973818212747574,0.035926006734371185,0.030268985778093338,0.05760539323091507,0.03407929465174675,0.020059878006577492,0.05681272968649864,1.521152138710022,0.0324571467936039,0.05837920308113098,0.04918663576245308,0.09360787272453308,0.055378325283527374,0.03259699046611786,0.03689172491431236,1.521152138710022,0.02107626385986805,0.037908926606178284,0.03193967044353485,0.06078489497303963,0.03596028685569763,0.021167075261473656,0.08377638459205627,1.521152138710022,0.047861497849226,0.08608631789684296,0.07253090292215347,0.13803471624851227,0.08166120946407318,0.048067715018987656,1.521152138710022,0.0,0.0,0.0,0.0,0.0,0.0,0.0,0.0,0.0,0.0,0.0,0.0,0.0,0.0,0.0,0.0,0.0,0.0,0.0,0.0,0.0,0.0,0.0
0.04050178453326225,0.013911481946706772,1.521152138710022,0.019336679950356483,0.008503878489136696,0.04844013974070549,0.022984538227319717,0.02927836962044239,0.05815162509679794,0.019973818212747574,1.521152138710022,0.027763206511735916,0.012209693901240826,0.06954935193061829,0.033000726252794266,0.04203727841377258,0.094495490193367,0.0324571467936039,1.521152138710022,0.045114777982234955,0.019840562716126442,0.11301662027835846,0.05362566560506821,0.06830992549657822,0.06136127933859825,0.02107626385986805,1.521152138710022,0.029295584186911583,0.01288360171020031,0.07338809967041016,0.03482218459248543,0.044357508420944214,0.13934360444545746,0.047861497849226,1.521152138710022,0.06652651727199554,0.02925701066851616,0.16665497422218323,0.07907672226428986,0.10073022544384003,1.521152138710022,1.521152138710022,0.0,0.0,0.0,0.0,0.0,0.0,0.0,0.0,0.0,0.0,0.0,0.0,0.0,0.0,0.0,0.0,0.0,0.0,0.0,0.0,0.0,0.0
0.024235902354121208,0.025021953508257866,0.019336679950356483,1.521152138710022,0.030905770137906075,0.034080538898706436,0.0263671912252903,0.03758108243346214,0.03479740768671036,0.035926006734371185,0.027763206511735916,1.521152138710022,0.04437386617064476,0.04893213510513306,0.03785746917128563,0.053958144038915634,0.05654525011777878,0.05837920308113098,0.045114777982234955,1.521152138710022,0.07210684567689896,0.07951395958662033,0.06151779741048813,0.08768114447593689,0.036718036979436874,0.037908926606178284,0.029295584186911583,1.521152138710022,0.046823062002658844,0.051632922142744064,0.039946991950273514,0.05693633854389191,0.08338195830583572,0.08608631789684296,0.06652651727199554,1.521152138710022,0.10632918030023575,0.11725176125764847,0.09071450680494308,0.12929514050483704,1.521152138710022,1.521152138710022,1.521152138710022,0.0,0.0,0.0,0.0,0.0,0.0,0.0,0.0,0.0,0.0,0.0,0.0,0.0,0.0,0.0,0.0,0.0,0.0,0.0,0.0,0.0
0.017861049622297287,0.021081920713186264,0.008503878489136696,0.030905770137906075,1.521152138710022,0.007509411312639713,0.01906532235443592,0.03417317196726799,0.02564452588558197,0.030268985778093338,0.012209693901240826,0.04437386617064476,1.521152138710022,0.010781857185065746,0.027373595163226128,0.049065135419368744,0.041671957820653915,0.04918663576245308,0.019840562716126442,0.07210684567689896,1.521152138710022,0.017520351335406303,0.04448166862130165,0.0797300860285759,0.02705996483564377,0.03193967044353485,0.01288360171020031,0.046823062002658844,1.521152138710022,0.011376957409083843,0.028884468600153923,0.05177326127886772,0.06144971400499344,0.07253090292215347,0.02925701066851616,0.10632918030023575,1.521152138710022,0.025835614651441574,0.0655929297208786,0.11757045239210129,1.521152138710022,1.521152138710022,1.521152138710022,1.521152138710022,0.0,0.0,0.0,0.0,0.0,0.0,0.0,0.0,0.0,0.0,0.0,0.0,0.0,0.0,0.0,0.0,0.0,0.0,0.0,0.0
0.03615441918373108,0.04012133926153183,0.04844013974070549,0.034080538898706436,0.007509411312639713,1.521152138710022,0.015364563092589378,0.018811825662851334,0.05190977081656456,0.05760539323091507,0.06954935193061829,0.04893213510513306,0.010781857185065746,1.521152138710022,0.022060122340917587,0.02700963243842125,0.08435257524251938,0.09360787272453308,0.11301662027835846,0.07951395958662033,0.017520351335406303,1.521152138710022,0.03584735840559006,0.04389023408293724,0.05477490648627281,0.06078489497303963,0.07338809967041016,0.051632922142744064,0.011376957409083843,1.521152138710022,0.02327772043645382,0.02850041724741459,0.12438680231571198,0.13803471624851227,0.16665497422218323,0.11725176125764847,0.025835614651441574,1.521152138710022,0.05286072567105293,0.06472079455852509,1.521152138710022,1.521152138710022,1.521152138710022,1.521152138710022,1.521152138710022,0.0,0.0,0.0,0.0,0.0,0.0,0.0,0.0,0.0,0.0,0.0,0.0,0.0,0.0,0.0,0.0,0.0,0.0,0.0
0.011770105920732021,0.02373574674129486,0.022984538227319717,0.0263671912252903,0.01906532235443592,0.015364563092589378,1.521152138710022,0.015262662433087826,0.01689927466213703,0.03407929465174675,0.033000726252794266,0.03785746917128563,0.027373595163226128,0.022060122340917587,1.521152138710022,0.021913815289735794,0.027461059391498566,0.055378325283527374,0.05362566560506821,0.06151779741048813,0.04448166862130165,0.03584735840559006,1.521152138710022,0.03560961037874222,0.017832022160291672,0.03596028685569763,0.03482218459248543,0.039946991950273514,0.028884468600153923,0.02327772043645382,1.521152138710022,0.02312333881855011,0.04049424082040787,0.08166120946407318,0.07907672226428986,0.09071450680494308,0.0655929297208786,0.05286072567105293,1.521152138710022,0.05251014232635498,1.521152138710022,1.521152138710022,1.521152138710022,1.521152138710022,1.521152138710022,1.521152138710022,0.0,0.0,0.0,0.0,0.0,0.0,0.0,0.0,0.0,0.0,0.0,0.0,0.0,0.0,0.0,0.0,0.0,0.0
0.021613044664263725,0.013971421867609024,0.02927836962044239,0.03758108243346214,0.03417317196726799,0.018811825662851334,0.015262662433087826,1.521152138710022,0.031031563878059387,0.020059878006577492,0.04203727841377258,0.053958144038915634,0.049065135419368744,0.02700963243842125,0.021913815289735794,1.521152138710022,0.05042580887675285,0.03259699046611786,0.06830992549657822,0.08768114447593689,0.0797300860285759,0.04389023408293724,0.03560961037874222,1.521152138710022,0.03274433687329292,0.021167075261473656,0.044357508420944214,0.05693633854389191,0.05177326127886772,0.02850041724741459,0.02312333881855011,1.521152138710022,0.07435819506645203,0.048067715018987656,0.10073022544384003,0.12929514050483704,0.11757045239210129,0.06472079455852509,0.05251014232635498,1.521152138710022,1.521152138710022,1.521152138710022,1.521152138710022,1.521152138710022,1.521152138710022,1.521152138710022,1.521152138710022,0.0,0.0,0.0,0.0,0.0,0.0,0.0,0.0,0.0,0.0,0.0,0.0,0.0,0.0,0.0,0.0,0.0
1.521152138710022,0.05920729041099548,0.09847831726074219,0.058928534388542175,0.04342836141586304,0.08790788799524307,0.028618495911359787,0.05255117267370224,1.521152138710022,0.030330825597047806,0.05044866353273392,0.030188025906682014,0.022247565910220146,0.04503362625837326,0.014660739339888096,0.026921017095446587,1.521152138710022,0.05333077162504196,0.08870401978492737,0.05307968705892563,0.039117954671382904,0.07918274402618408,0.025778017938137054,0.047335296869277954,1.521152138710022,0.049316469579935074,0.08202710747718811,0.04908427968621254,0.03617347404360771,0.07322251051664352,0.023837659507989883,0.04377228021621704,1.521152138710022,0.03781921789050102,0.06290396302938461,0.03764116391539574,0.027740277349948883,0.05615200102329254,0.018280336633324623,0.033567558974027634,1.521152138710022,0.04597398638725281,0.07646762579679489,0.045757535845041275,0.03372177481651306,0.06825977563858032,0.022222034633159637,0.04080556333065033,0.0,0.0,0.0,0.0,0.0,0.0,0.0,0.0,0.0,0.0,0.0,0.0,0.0,0.0,0.0,0.0
0.05920729041099548,1.521152138710022,0.03382515907287598,0.06083978712558746,0.05125976726412773,0.09755328297615051,0.05771242827177048,0.033970899879932404,0.030330825597047806,1.521152138710022,0.017328018322587013,0.031167123466730118,0.02625945396721363,0.04997478425502777,0.029565036296844482,0.017402678728103638,0.05333077162504196,1.521152138710022,0.03046790137887001,0.05480123683810234,0.046172067523002625,0.08787079900503159,0.0519842803478241,0.03059917688369751,0.049316469579935074,1.521152138710022,0.02817452698945999,0.05067624896764755,0.04269661009311676,0.08125660568475723,0.048071328550577164,0.02829591929912567,0.03781921789050102,1.521152138710022,0.021606141701340675,0.038861989974975586,0.032742664217948914,0.06231308728456497,0.03686436265707016,0.02169923484325409,0.04597398638725281,1.521152138710022,0.026264965534210205,0.04724160581827164,0.03980280086398125,0.07574934512376785,0.044813238084316254,0.02637813240289688,1.521152138710022,0.0,0.0,0.0,0.0,0.0,0.0,0.0,0.0,0.0,0.0,0.0,0.0,0.0,0.0,0.0
0.09847831726074219,0.03382515907287598,1.521152138710022,0.047016289085149765,0.020676808431744576,0.11778007447719574,0.05588589608669281,0.07118907570838928,0.05044866353273392,0.017328018322587013,1.521152138710022,0.024085596203804016,0.010592356324195862,0.060336604714393616,0.02862933650612831,0.036468878388404846,0.08870401978492737,0.03046790137887001,1.521152138710022,0.04234977066516876,0.018624568358063698,0.1060900166630745,0.05033903941512108,0.06412332504987717,0.08202710747718811,0.02817452698945999,1.521152138710022,0.03916202485561371,0.017222661525011063,0.09810442477464676,0.046549927443265915,0.05929664522409439,0.06290396302938461,0.021606141701340675,1.521152138710022,0.030032102018594742,0.013207508251070976,0.07523313909769058,0.03569764643907547,0.04547269642353058,0.07646762579679489,0.026264965534210205,1.521152138710022,0.03650777414441109,0.016055377200245857,0.09145528823137283,0.04339495301246643,0.0552777461707592,1.521152138710022,1.521152138710022,0.0,0.0,0.0,0.0,0.0,0.0,0.0,0.0,0.0,0.0,0.0,0.0,0.0,0.0
0.058928534388542175,0.06083978712558746,0.047016289085149765,1.521152138710022,0.07514602690935135,0.08286534249782562,0.064110666513443,0.09137675911188126,0.030188025906682014,0.031167123466730118,0.024085596203804016,1.521152138710022,0.038495954126119614,0.04245041683316231,0.032842736691236496,0.04681066423654556,0.05307968705892563,0.05480123683810234,0.04234977066516876,1.521152138710022,0.06768754124641418,0.0746406838297844,0.05774747580289841,0.08230731636285782,0.04908427968621254,0.05067624896764755,0.03916202485561371,1.521152138710022,0.06259257346391678,0.06902234256267548,0.05340071767568588,0.07611189037561417,0.03764116391539574,0.038861989974975586,0.030032102018594742,1.521152138710022,0.048000238835811615,0.05293102562427521,0.04095130041241646,0.058367770165205,0.045757535845041275,0.04724160581827164,0.03650777414441109,1.521152138710022,0.05835029110312462,0.06434427201747894,0.049781423062086105,0.07095331698656082,1.521152138710022,1.521152138710022,1.521152138710022,0.0,0.0,0.0,0.0,0.0,0.0,0.0,0.0,0.0,0.0,0.0,0.0,0.0
0.04342836141586304,0.05125976726412773,0.020676808431744576,0.07514602690935135,1.521152138710022,0.018258804455399513,0.04635649546980858,0.08309057354927063,0.022247565910220146,0.02625945396721363,0.010592356324195862,0.038495954126119614,1.521152138710022,0.009353656321763992,0.02374759502708912,0.04256580024957657,0.039117954671382904,0.046172067523002625,0.018624568358063698,0.06768754124641418,1.521152138710022,0.016446558758616447,0.04175546020269394,0.07484356313943863,0.03617347404360771,0.04269661009311676,0.017222661525011063,0.06259257346391678,1.521152138710022,0.015208595432341099,0.038612451404333115,0.06920994818210602,0.027740277349948883,0.032742664217948914,0.013207508251070976,0.048000238835811615,1.521152138710022,0.011662985198199749,0.02961065247654915,0.05307489261031151,0.03372177481651306,0.03980280086398125,0.016055377200245857,0.05835029110312462,1.521152138710022,0.014177815988659859,0.035995446145534515,0.06451916694641113,1.521152138710022,1.521152138710022,1.521152138710022,1.521152138710022,0.0,0.0,0.0,0.0,0.0,0.0,0.0,0.0,0.0,0.0,0.0,0.0
0.08790788799524307,0.09755328297615051,0.11778007447719574,0.08286534249782562,0.018258804455399513,1.521152138710022,0.03735826164484024,0.04574013128876686,0.04503362625837326,0.04997478425502777,0.060336604714393616,0.04245041683316231,0.009353656321763992,1.521152138710022,0.01913796365261078,0.023431843146681786,0.07918274402618408,0.08787079900503159,0.1060900166630745,0.0746406838297844,0.016446558758616447,1.521152138710022,0.03365033119916916,0.04120027273893356,0.07322251051664352,0.08125660568475723,0.09810442477464676,0.06902234256267548,0.015208595432341099,1.521152138710022,0.031117409467697144,0.038099054247140884,0.05615200102329254,0.06231308728456497,0.07523313909769058,0.05293102562427521,0.011662985198199749,1.521152138710022,0.023862944915890694,0.029216943308711052,0.06825977563858032,0.07574934512376785,0.09145528823137283,0.06434427201747894,0.014177815988659859,1.521152138710022,0.029008392244577408,0.03551684692502022,1.521152138710022,1.521152138710022,1.521152138710022,1.521152138710022,1.521152138710022,0.0,0.0,0.0,0.0,0.0,0.0,0.0,0.0,0.0,0.0,0.0
0.028618495911359787,0.05771242827177048,0.05588589608669281,0.064110666513443,0.04635649546980858,0.03735826164484024,1.521152138710022,0.03711049631237984,0.014660739339888096,0.029565036296844482,0.02862933650612831,0.032842736691236496,0.02374759502708912,0.01913796365261078,1.521152138710022,0.019011037424206734,0.025778017938137054,0.0519842803478241,0.05033903941512108,0.05774747580289841,0.04175546020269394,0.03365033119916916,1.521152138710022,0.0334271565079689,0.023837659507989883,0.048071328550577164,0.046549927443265915,0.05340071767568588,0.038612451404333115,0.031117409467697144,1.521152138710022,0.0309110339730978,0.018280336633324623,0.03686436265707016,0.03569764643907547,0.04095130041241646,0.02961065247654915,0.023862944915890694,1.521152138710022,0.023704681545495987,0.022222034633159637,0.044813238084316254,0.04339495301246643,0.049781423062086105,0.035995446145534515,0.029008392244577408,1.521152138710022,0.02881600335240364,1.521152138710022,1.521152138710022,1.521152138710022,1.521152138710022,1.521152138710022,1.521152138710022,0.0,0.0,0.0,0.0,0.0,0.0,0.0,0.0,0.0,0.0
0.05255117267370224,0.033970899879932404,0.07118907570838928,0.09137675911188126,0.08309057354927063,0.04574013128876686,0.03711049631237984,1.521152138710022,0.026921017095446587,0.017402678728103638,0.036468878388404846,0.04681066423654556,0.04256580024957657,0.023431843146681786,0.019011037424206734,1.521152138710022,0.047335296869277954,0.03059917688369751,0.06412332504987717,0.08230731636285782,0.07484356313943863,0.04120027273893356,0.0334271565079689,1.521152138710022,0.04377228021621704,0.02829591929912567,0.05929664522409439,0.07611189037561417,0.06920994818210602,0.038099054247140884,0.0309110339730978,1.521152138710022,0.033567558974027634,0.02169923484325409,0.04547269642353058,0.058367770165205,0.05307489261031151,0.029216943308711052,0.023704681545495987,1.521152138710022,0.04080556333065033,0.02637813240289688,0.0552777461707592,0.07095331698656082,0.06451916694641113,0.03551684692502022,0.02881600335240364,1.521152138710022,1.521152138710022,1.521152138710022,1.521152138710022,1.521152138710022,1.521152138710022,1.521152138710022,1.521152138710022,0.0,0.0,0.0,0.0,0.0,0.0,0.0,0.0,0.0
1.521152138710022,0.02235010825097561,0.037174493074417114,0.022244881838560104,0.016393734142184258,0.033184271305799484,0.010803171433508396,0.01983749493956566,1.521152138710022,0.027708686888217926,0.04608731344342232,0.027578232809901237,0.020324233919382095,0.04114041104912758,0.013393299654126167,0.024593660607933998,1.521152138710022,0.05931971222162247,0.09866530448198318,0.059040430933237076,0.04351082071661949,0.08807481080293655,0.02867283672094345,0.05265095457434654,1.521152138710022,0.030573757365345955,0.05085272341966629,0.030429812148213387,0.022425753995776176,0.04539431631565094,0.014778162352740765,0.027136636897921562,1.521152138710022,0.07892924547195435,0.13128145039081573,0.07855764031410217,0.057894352823495865,0.11719001829624176,0.038151323795318604,0.07005597651004791,1.521152138710022,0.007275999523699284,0.012102026492357254,0.007241743616759777,0.0053369225934147835,0.010803023353219032,0.0035169345792382956,0.00645802728831768,1.521152138710022,0.04118233919143677,0.06849776953458786,0.04098844900727272,0.030207116156816483,0.06114538386464119,0.01990593783557415,0.03655259683728218,0.0,0.0,0.0,0.0,0.0,0.0,0.0,0.0
